 2  .208454106  .0582842678  .0542549381  46.3683211  27.9602397
 3  .293577007  .0542025351  .0603391042  32.0092027  18.4627998
 4  .374258805  .0511435191  .0644604263  24.1603701  13.6652815
 5  .451324161  .0487090804  .0674953671  19.2642587  10.7924823
 6  .52417467  .0466901615  .0697458851  15.9753818  8.90736699
 7  .592140549  .04494296  .0713291457  13.6461834  7.58991427
 8  .65499161  .0433917716  .0723564254  11.9273518  6.62478282
 9  .712960738  .0419883607  .072933669  10.6123792  5.88929494
 10  .766580586  .0407069761  .0731691388  9.57470923  5.3102018
 11  .816503567  .0395140945  .0731275897  8.72991851  4.83942705
 12  .863369854  .0384100517  .0729049059  8.02792069  4.44885255
 13  .907731124  .0373667231  .0725238293  7.42958507  4.11649685
 14  .950017784  .0363979344  .0720647155  6.91496481  3.83128979
 15  .99053511  .035473791  .0715119689  6.46288728  3.58127548
 16  1.02947705  .03460773  .0709207611  6.06482205  3.36168059
 17  1.06694968  .0337908592  .070295979  5.7112018  3.16705276
 18  1.1029986  .033016971  .0696416792  5.39503343  2.99338286
 19  1.13763578  .0322861145  .0689708236  5.11168052  2.83800098
 20  1.17086264  .0316049424  .0683082409  4.85833372  2.69928695
 21  1.20268731  .0309426996  .0675990124  4.62723724  2.57279671
 22  1.23313528  .0303277859  .0669114728  4.41988979  2.45940461
 23  1.26225379  .0297371379  .066204844  4.23059555  2.3558763
 24  1.29011124  .0291795032  .0655056527  4.05853705  2.26178196
 25  1.31679304  .0286427851  .0647948777  3.90026484  2.17519263
 26  1.34239553  .0281356736  .0640984678  3.75538546  2.09593021
 27  1.36701927  .0276436991  .0633906519  3.62065944  2.02218797
 28  1.39076256  .0271709814  .0626860733  3.4955014  1.95367507
 29  1.41371601  .0267183236  .0619915594  3.37904818  1.8899357
 30  1.43595837  .0262820791  .0613031698  3.27003861  1.8302814
 31  1.45755383  .0258652135  .0606313594  3.16816748  1.77456318
 32  1.47855081  .0254551368  .0599502733  3.07138557  1.72162746
 33  1.4989823  .0250678508  .0592991936  2.98115442  1.67232467
 34  1.51886736  .0246824882  .0586318527  2.8946724  1.62505883
 35  1.53821367  .0243190348  .0579962501  2.81396057  1.58099199
 36  1.55702072  .0239617686  .0573570727  2.73696601  1.53894989
 37  1.57528338  .0236152065  .0567259146  2.66399603  1.49910847
 38  1.59299524  .0232829019  .056112138  2.59524738  1.46158013
 39  1.61015153  .0229678319  .0555237876  2.53084899  1.42643916
 40  1.62675127  .0226506295  .0549157324  2.46853127  1.39238432
 41  1.64279856  .0223571038  .0543502309  2.41090466  1.36091572
 42  1.65830287  .0220686703  .053783897  2.35581163  1.33079853
 43  1.67327853  .0217896972  .0532280001  2.30356299  1.30221579
 44  1.6877435  .0215250599  .0526951555  2.25451029  1.27537507
 45  1.70171774  .0212572294  .0521439777  2.20670677  1.24916306
 46  1.71522131  .0210026341  .051614839  2.16171757  1.22448538
 47  1.7282726  .0207548312  .0510929516  2.1187649  1.20090032
 48  1.74088686  .0205183353  .0505899516  2.07819825  1.17861395
 49  1.75307519  .0202857586  .0500885267  2.03918847  1.15715279
 50  1.76484428  .0200602734  .0495968913  2.00197833  1.13665968
 51  1.77617241  .0198439199  .0491205438  1.96673753  1.11722937
 52  1.78702837  .0196335797  .0486517494  1.93314171  1.09867196
 53  1.79745875  .0194331493  .0482004292  1.9014472  1.08114577
 54  1.80747722  .0192346198  .0477476799  1.87081761  1.06416942
 55  1.8170985  .0190410698  .0473013928  1.84148843  1.04788319
 56  1.82633738  .0188555913  .0468695542  1.81369495  1.03242651
 57  1.83520865  .0186698438  .0464320992  1.78659073  1.0173145
 58  1.84372702  .0184981134  .0460244543  1.76147474  1.00330001
 59  1.85190699  .0183205582  .0455982358  1.73643044  .989280683
 60  1.8597628  .0181626766  .0452164154  1.71380241  .976612532
 61  1.86730832  .0179931476  .0448023236  1.69062572  .963587399
 62  1.87455704  .0178372416  .0444183591  1.66921556  .951544348
 63  1.88152204  .0176747564  .0440150971  1.64766572  .939386095
 64  1.88821592  .0175307797  .0436545097  1.62825633  .928430882
 65  1.89465082  .0173849158  .0432866573  1.60907776  .917578879
 66  1.90083842  .0172393584  .0429171348  1.59030639  .906934445
 67  1.90678989  .0170961632  .0425512112  1.572106  .896593971
 68  1.91251593  .0169573399  .0421940218  1.55463534  .886650912
 69  1.91802678  .0168247027  .0418501904  1.53803454  .8771881
 70  1.9233322  .0166887417  .0414964931  1.52142335  .867699383
 71  1.9284415  .0165624128  .0411649357  1.50595167  .858849634
 72  1.93336355  .0164361047  .0408320322  1.49073514  .850130057
 73  1.9381068  .0163111868  .0405012711  1.47588105  .841604125
 74  1.94267927  .0161891636  .0401764703  1.46150905  .833342067
 75  1.9470886  .0160713726  .0398610319  1.44772414  .825405303
 76  1.95134206  .0159477937  .0395304624  1.43362025  .817273097
 77  1.95544653  .0158308814  .0392154243  1.42029502  .809578845
 78  1.95940856  .0157217468  .0389187049  1.40783289  .802372061
 79  1.96323436  .0156102611  .0386155695  1.39532473  .795129785
 80  1.96692984  .0154973785  .0383084438  1.38284665  .787896862
 81  1.97050059  .0153952846  .0380272077  1.37146526  .781287994
 82  1.97395194  .0152824908  .0377193749  1.35927614  .774207848
 83  1.97728892  .0151821208  .0374415252  1.34830903  .767825109
 84  1.98051632  .0150838742  .037168538  1.33764842  .761613225
 85  1.98363869  .0149773571  .0368751152  1.32637547  .755044615
 86  1.98666033  .0148854211  .0366170199  1.31648804  .749268552
 87  1.98958533  .0147866309  .0363420559  1.3061011  .743201643
 88  1.99241759  .0146926527  .0360786806  1.29623068  .737428375
 89  1.9951608  .0145930028  .0358014365  1.28595541  .731419885
 90  1.99781845  .0144992823  .0355385713  1.27628385  .72575575
 91  2.00039389  .0144119838  .0352912722  1.26725256  .720457302
 92  2.00289026  .0143206335  .0350341618  1.25794476  .714998413
 93  2.00531057  .0142366331  .0347949034  1.24934872  .709946542
 94  2.0076577  .014149466  .0345480447  1.24054577  .704774825
 95  2.00993434  .014059554  .0342946562  1.23156986  .699503149
 96  2.0121431  .013978195  .0340620617  1.22339805  .694691894
 97  2.01428643  .013894839  .0338247834  1.21511152  .689814458
 98  2.01636667  .0138098626  .0335837691  1.20674051  .684888459
 99  2.01838606  .0137235271  .0333396724  1.19830492  .679925778
 100  2.02034671  .0136470579  .0331195332  1.19077351  .675480984
 101  2.02225066  .0135698817  .0328978981  1.18322858  .671028666
 102  2.02409985  .013492172  .0326752012  1.1756828  .666576407
 103  2.0258961  .0134143203  .0324524062  1.16816808  .66214256
 104  2.02764119  .0133364887  .0322299192  1.16069647  .657734157
 105  2.02933679  .0132589403  .0320083881  1.15328886  .653363225
 106  2.0309845  .0131925914  .0318139131  1.1468839  .649566327
 107  2.03258586  .0131161915  .0315956915  1.13964858  .645295814
 108  2.03414234  .0130406407  .0313798007  1.13252055  .641087916
 109  2.03565533  .0129768478  .0311922451  1.12643709  .63747765
 110  2.03712619  .0129034966  .0309822033  1.11956183  .633416656
 111  2.03855619  .0128315721  .0307758887  1.11283933  .629444123
 112  2.03994657  .0127611135  .0305733863  1.10627129  .625561166
 113  2.04129851  .0126922946  .0303751041  1.0998712  .621775527
 114  2.04261314  .0126252765  .0301814283  1.0936519  .618094356
 115  2.04389155  .0125600948  .0299924263  1.08761482  .614518653
 116  2.04513478  .0124968906  .0298084333  1.08177117  .611054625
 117  2.04634383  .0124357958  .0296297542  1.07613122  .607708031
 118  2.04751967  .0123663074  .0294315791  1.06979244  .603965254
 119  2.04866323  .0123096308  .0292639848  1.06457369  .600861607
 120  2.04977539  .0122448124  .0290775224  1.05867629  .597373372
 121  2.05085701  .01218243  .028897155  1.05300713  .594016546
 122  2.05190893  .0121225744  .028723068  1.04757259  .590794955
 123  2.05293193  .0120652719  .0285553161  1.04237433  .587709303
 124  2.05392678  .0120001564  .0283695746  1.03652336  .584254344
 125  2.05489423  .0119377744  .0281906147  1.03092293  .580943499
 126  2.05583498  .0118885737  .0280428627  1.02646702  .578284435
 127  2.05674973  .0118317175  .0278775103  1.02136984  .575262867
 128  2.05763915  .0117673363  .0276949318  1.01564256  .571885324
 129  2.05850387  .0117162567  .027543766  1.01106812  .569163693
 130  2.05934452  .011657692  .0273754771  1.00586582  .566087503
 131  2.06016171  .0116021216  .0272145086  1.00093222  .563165577
 132  2.06095601  .0115495244  .0270608031  .996265387  .560396452
 133  2.06172798  .011499991  .0269145446  .991872341  .557784108
 134  2.06247818  .0114431609  .0267516752  .986865875  .554825791
 135  2.06320713  .0113894227  .0265963244  .982134648  .552025171
 136  2.06391535  .0113387562  .0264484262  .977676566  .549380875
 137  2.06460332  .0112810078  .0262844794  .972622376  .546400737
 138  2.06527154  .0112365826  .0261516702  .968717644  .544072894
 139  2.06592047  .0111850787  .0260028281  .964216423  .541408968
 140  2.06655056  .0111367512  .0258616393  .959995662  .538905336
 141  2.06716225  .011081368  .0257045194  .955179471  .536066679
 142  2.06775597  .0110393464  .0255784909  .951514785  .533880524
 143  2.06833214  .0109903374  .0254366902  .94725978  .531362308
 144  2.06889115  .0109343598  .0252792265  .942416269  .528513051
 145  2.06943341  .0108917072  .0251526637  .938719812  .526313489
 146  2.06995928  .0108421417  .025010566  .934438935  .523785265
 147  2.07046914  .0107957999  .0248761669  .930440424  .521418051
 148  2.07096336  .0107525926  .0247492344  .92671624  .519207282
 149  2.07144227  .0107025305  .0246069589  .922411989  .516670471
 150  2.07190622  .010655702  .0244723833  .918390225  .514294607
 151  2.07235555  .0106120138  .0243452667  .914642601  .512074957
 152  2.07279057  .0105715125  .0242257002  .911173222  .510013538
 153  2.07321159  .0105241763  .0240908826  .907124248  .507626735
 154  2.07361893  .0104800035  .0239635568  .903350834  .505396789
 155  2.07401288  .0104390084  .0238437385  .899854312  .503324186
 156  2.07439373  .0104011772  .0237313725  .896633343  .501408053
 157  2.07476176  .010356485  .0236037403  .892829339  .499165022
 158  2.07511724  .0103149808  .0234836186  .889302654  .497079425
 159  2.07546045  .0102765933  .0233708145  .886046764  .495147636
 160  2.07579164  .0102313919  .0232429072  .882211429  .492891082
 161  2.07611106  .010189354  .0231224328  .878650865  .490790409
 162  2.07641898  .0101503791  .0230091321  .875356013  .488840605
 163  2.07671562  .0101145031  .0229030713  .872330177  .487043243
 164  2.07700121  .0100718469  .02278203  .868726851  .484922534
 165  2.077276  .0100322498  .022668139  .865388762  .482952182
 166  2.07754021  .00999569116  .0225613296  .862314097  .481131058
 167  2.07779404  .00995235879  .0224396029  .85866186  .478986782
 168  2.07803771  .00991210403  .0223250501  .855276233  .476993463
 169  2.07827143  .00987485036  .0222174699  .852150327  .475147289
 170  2.0784954  .00984057629  .0221167972  .849282451  .473447104
 171  2.07870982  .00979954891  .0220013082  .845838249  .471424574
 172  2.07891488  .00976151013  .0218927454  .842652474  .469548332
 173  2.07911076  .00972640988  .021790979  .839720944  .46781586
 174  2.07929765  .00969425272  .0216959994  .837044108  .466227273
 175  2.07947572  .00965533004  .0215862205  .833789  .464315594
 176  2.07964515  .0096193034  .0214831248  .83078426  .462545419
 177  2.07980611  .0095862031  .0213867614  .828032613  .460918113
 178  2.07995877  .00954630513  .0212755739  .824699295  .458966076
 179  2.08010327  .00951894715  .021192383  .822443994  .457618969
 180  2.08023979  .0094847962  .0210943826  .81960727  .455947255
 181  2.08036846  .00944386647  .0209816586  .816190342  .453951626
 182  2.08048946  .00941539351  .0208966551  .813844137  .452556656
 183  2.08060291  .00938011966  .0207968822  .810915628  .450836612
 184  2.08070896  .00934765758  .0207035283  .808229864  .449253489
 185  2.08080775  .00931795717  .0206164667  .805782707  .447804809
 186  2.08089942  .00928144557  .0205146518  .802751434  .446030476
 187  2.08098409  .00924772545  .0204192013  .799961257  .444391934
 188  2.0810619  .00921672009  .0203299246  .797405521  .442885437
 189  2.08113298  .00918843221  .0202468056  .79508439  .441511057
 190  2.08119744  .00915336395  .0201490577  .792181425  .439812379
 191  2.0812554  .00912096322  .0200573655  .789508718  .438243341
 192  2.08130699  .00909125916  .0199717769  .787068951  .436805295
 193  2.08135232  .00905468479  .0198714021  .784038705  .435038541
 194  2.0813915  .00903031324  .0197978439  .782059264  .433859427
 195  2.08142464  .00899907464  .0197095218  .779489876  .432351691
 196  2.08145185  .00897043505  .0196270525  .777144749  .430970097
 197  2.08147323  .00893495401  .0195299179  .774211278  .429261059
 198  2.08148888  .00891153155  .0194591715  .772316743  .428132557
 199  2.0814989  .00888121781  .0193736553  .769829349  .426674153
 200  2.08150339  .00885348528  .0192939306  .767564971  .425340901
 201  2.08150245  .00881888691  .019199538  .764709499  .423678911
 202  2.08149617  .00878684601  .0191108861  .762074649  .422140868
 203  2.08148464  .00876668413  .0190480907  .760464292  .421174577
 204  2.08146795  .0087302614  .0189503675  .757452456  .419428097
 205  2.08144618  .00870569751  .0188784205  .75546341  .418252347
 206  2.08141943  .00867428552  .0187919003  .752884181  .416748562
 207  2.08138777  .00864531035  .0187108193  .750515405  .415362793
 208  2.08135128  .00861880108  .0186352219  .748359606  .414096417
 209  2.08131006  .00859465753  .0185648775  .746408257  .412944602
 210  2.08126416  .00856366724  .018480015  .743866244  .411464695
 211  2.08121368  .00854435299  .0184203617  .742332475  .410546646
 212  2.08115869  .00851811647  .0183460373  .740201454  .409296826
 213  2.08109925  .00848499493  .0182571549  .737475657  .407716975
 214  2.08103545  .00846347042  .0181932471  .735751738  .406695158
 215  2.08096735  .00843506348  .0181148044  .733433534  .405343384
 216  2.08089502  .00840895991  .018041447  .73131429  .404103034
 217  2.08081853  .00838516335  .0179731692  .729394469  .402974273
 218  2.08073794  .0083544466  .0178903227  .726876465  .401513637
 219  2.08065333  .00833520831  .0178320688  .725351159  .400605338
 220  2.08056475  .00830902675  .0177592002  .723225336  .399364007
 221  2.08047226  .00828511185  .0176913096  .721295726  .398232266
 222  2.08037594  .00825425245  .0176088415  .718764797  .396767348
 223  2.08027583  .0082347888  .0175507024  .717220405  .395850814
 224  2.080172  .00820838446  .0174780077  .715075102  .394601238
 225  2.0800645  .00818415577  .0174100721  .713117946  .393456826
 226  2.0799534  .00816210579  .0173468988  .711349721  .392417724
 227  2.07983874  .00813310363  .0172691893  .708978811  .391044915
 228  2.07972059  .00810628458  .0171962564  .706796922  .38977758
 229  2.07959899  .0080906653  .0171470791  .705585697  .389049299
 230  2.079474  .00805900848  .0170642575  .70298382  .387550335
 231  2.07934568  .00803853469  .0170051359  .701351596  .386589627
 232  2.07921407  .00802016026  .0169505615  .699901544  .385730377
 233  2.07907921  .00799481598  .0168814764  .697846479  .384536381
 234  2.07894118  .00797151171  .0168168214  .695968202  .383440946
 235  2.0788  .00795029075  .0167566776  .694270697  .382446159
 236  2.07865573  .00792205224  .0166819739  .691963527  .381114204
 237  2.07850841  .00790488274  .0166305837  .690617392  .380315166
 238  2.0783581  .00788071307  .0165646857  .688663193  .379179751
 239  2.07820483  .00785856546  .0165031509  .68688431  .378142007
 240  2.07804866  .0078383707  .0164458205  .685274732  .377198612
 241  2.07788962  .00781119062  .0163740626  .683057802  .375919421
 242  2.07772775  .00779495076  .0163252385  .681791797  .375167091
 243  2.07756311  .00777168147  .0162618993  .679914203  .374076794
 244  2.07739573  .00775035646  .0162027355  .678205305  .373080408
 245  2.07722565  .0077309559  .0161477033  .676663844  .37217699
 246  2.07705292  .00770454212  .0160782346  .674511436  .370936246
 247  2.07687756  .00768891821  .0160312837  .673298082  .370215286
 248  2.07669963  .00766631252  .0159699785  .671476626  .369158466
 249  2.07651917  .00764555047  .0159126154  .669815188  .368190701
 250  2.0763362  .00762666272  .0158592578  .668317003  .367313479
 251  2.07615077  .00760071138  .0157914167  .666202614  .366096312
 252  2.0759629  .00758552721  .0157459437  .665026398  .365398013
 253  2.07577265  .00756323661  .015685917  .663230381  .364357657
 254  2.07558005  .00754281664  .0156298711  .661597054  .363407648
 255  2.07538512  .00752417415  .0155776045  .660118433  .362543514
 256  2.07518791  .00750729248  .0155290726  .658793166  .361764467
 257  2.07498845  .00748341253  .0154662646  .656856844  .360648395
 258  2.07478677  .0074612774  .0154071651  .655072109  .359616589
 259  2.0745829  .0074408932  .0153517865  .653440011  .358669359
 260  2.07437688  .00742226704  .015300126  .651960952  .357807065
 261  2.07416874  .00740535775  .0152520883  .650631389  .357027738
 262  2.07395851  .00739014922  .0152076393  .649450373  .356330619
 263  2.07374623  .00736788913  .0151488635  .64765248  .355293672
 264  2.07353191  .00734733881  .0150937031  .646003598  .354339316
 265  2.0733156  .00732845683  .0150420629  .644500161  .353465571
 266  2.07309732  .00731127575  .0149940022  .643145204  .352674024
 267  2.07287711  .00729573096  .0149493778  .641933081  .351961577
 268  2.07265498  .00727314119  .0148904999  .64010384  .350909402
 269  2.07243097  .00726087864  .0148527535  .639178239  .350355633
 270  2.0722051  .00724155644  .0148007397  .63763422  .349461374
 271  2.07197741  .00722384984  .0147521107  .636231088  .348645202
 272  2.07174792  .00719908822  .0146892693  .634209548  .347488618
 273  2.07151666  .00718457391  .0146473279  .633085236  .34682675
 274  2.07128365  .00717167775  .0146087569  .632102595  .34624315
 275  2.07104892  .00715168293  .0145558973  .630497195  .345316948
 276  2.0708125  .00713326898  .0145063433  .629029953  .344467159
 277  2.0705744  .00711639687  .0144600024  .627697313  .343691918
 278  2.07033465  .00710110061  .0144169412  .626502627  .342992888
 279  2.07009329  .00707872266  .0143596798  .624685925  .341951867
 280  2.06985032  .00706649454  .0143229968  .623759809  .341401233
 281  2.06960579  .00704717343  .014272103  .622210484  .340508008
 282  2.0693597  .00702933973  .0142243002  .620791059  .339686703
 283  2.06911207  .00701305137  .0141797084  .619507214  .33894014
 284  2.06886295  .00699822308  .0141381369  .618351052  .338264218
 285  2.06861234  .00697634514  .0140824965  .61657478  .337247584
 286  2.06836026  .00696447435  .0140470385  .615677664  .336714763
 287  2.06810675  .0069455444  .013997509  .614159577  .335840711
 288  2.06785181  .00692803663  .0139509209  .612765812  .335035451
 289  2.06759547  .00691200976  .0139073915  .611501946  .334301843
 290  2.06733775  .00689740233  .0138667884  .610362569  .333636936
 291  2.06707867  .00688422578  .013829128  .609348821  .333041305
 292  2.06681825  .00686400575  .0137774825  .607714436  .332104951
 293  2.06655651  .00685366093  .0137456353  .606949197  .331646432
 294  2.06629347  .00683621495  .0136996984  .605557939  .330844338
 295  2.06602914  .00682018931  .0136566824  .604291393  .330110992
 296  2.06576355  .00680554798  .0136165073  .603146428  .329444673
 297  2.06549671  .0067838096  .0135622963  .601375093  .32843478
 298  2.06522865  .00677192977  .0135277825  .60047278  .327902181
 299  2.06495937  .00675294575  .013479227  .598943065  .327025599
 300  2.06468889  .00674378025  .0134502491  .598279409  .326624523
 301  2.06441724  .00672750194  .0134072293  .596987554  .325878984
 302  2.06414443  .00671259789  .0133670177  .595816619  .32520001
 303  2.06387047  .0066989863  .0133294386  .594759149  .324583659
 304  2.06359539  .00667831314  .0132779705  .593077563  .323625124
 305  2.06331919  .00666735272  .0132457929  .592253477  .323137241
 306  2.0630419  .00664932363  .0131997209  .590804246  .322306766
 307  2.06276353  .00663258026  .013156273  .589468056  .321538566
 308  2.06248409  .00662553851  .0131320421  .588989494  .321240709
 309  2.0622036  .00661137048  .0130938205  .587880272  .320597369
 310  2.06192207  .00659013533  .0130417543  .586145028  .31961127
 311  2.06163952  .00657853734  .0130087458  .58526211  .319092512
 312  2.06135597  .00656819311  .0129782683  .584489864  .318634589
 313  2.06107142  .0065507941  .0129339948  .583092582  .317834406
 314  2.06078589  .00653459577  .012892159  .581800958  .317092416
 315  2.0604994  .00651970274  .0128529652  .580624562  .316413717
 316  2.06021196  .00650601187  .0128161972  .579553987  .315793327
 317  2.05992357  .00649355839  .0127819282  .578592874  .315232976
 318  2.05963426  .00648233245  .012750125  .577740077  .314732211
 319  2.05934404  .00646400222  .0127044901  .576256695  .313886465
 320  2.05905292  .00645518311  .0126775264  .575616609  .313502535
 321  2.05876091  .00643930075  .0126368219  .574349256  .31277555
 322  2.05846802  .00642461903  .0125985401  .573188119  .312106817
 323  2.05817428  .00641110417  .0125626007  .57212988  .311494718
 324  2.05787968  .00639876897  .012529028  .571175969  .310939898
 325  2.05758424  .00638762725  .0124978445  .57032774  .310443049
 326  2.05728798  .00636937625  .0124528889  .568847283  .309600616
 327  2.0569909  .00636055086  .0124263398  .568204091  .309216286
 328  2.05669301  .00634465745  .0123861098  .566932012  .308488307
 329  2.05639433  .00632990867  .012348179  .565761325  .307815897
 330  2.05609487  .00631627145  .0123124693  .564688769  .307197471
 331  2.05579464  .00630380457  .012279096  .563719954  .306635908
 332  2.05549365  .00629245292  .0122479454  .562849965  .30612855
 333  2.05519191  .00628222946  .0122190384  .562080075  .30567605
 334  2.05488943  .00626493749  .0121765156  .560680334  .304879542
 335  2.05458623  .00625692588  .0121520011  .560106485  .304534597
 336  2.0542823  .00624181733  .0121138318  .558900148  .303844186
 337  2.05397767  .00622785929  .0120779501  .557795713  .303209688
 338  2.05367234  .00621497266  .0120441992  .556786262  .302627276
 339  2.05336632  .00620314871  .0120125576  .555871083  .302096545
 340  2.05305963  .00619242355  .0119830918  .55505355  .301619274
 341  2.05275227  .00618276533  .011955731  .554330679  .301193935
 342  2.05244425  .00616603317  .0119148224  .552976304  .300423906
 343  2.05213558  .0061584877  .0118916357  .552441247  .300101405
 344  2.05182627  .00614388693  .0118549509  .551276145  .299435046
 345  2.05151633  .00613033053  .0118203313  .550203588  .298819484
 346  2.05120578  .00611780905  .0117877579  .549222979  .298254281
 347  2.05089461  .0061063253  .0117572284  .548334482  .297739595
 348  2.05058284  .00609585848  .0117287054  .547536642  .297274432
 349  2.05027048  .00608643428  .0117022312  .546831707  .296860066
 350  2.04995753  .00606995624  .011662315  .545495384  .296101561
 351  2.04964401  .00606255256  .0116398067  .544970231  .295785636
 352  2.04932992  .00604806814  .0116038207  .543811169  .295124181
 353  2.04901527  .0060345942  .0115698259  .542742006  .294511919
 354  2.04870008  .00603019369  .0115531936  .542484793  .294342435
 355  2.04838434  .00601870736  .0115230936  .54159284  .293827053
 356  2.04806808  .00600014696  .0114795762  .54006669  .292966187
 357  2.04775129  .00599063947  .0114533554  .53935089  .292547221
 358  2.04743398  .00598207742  .0114289798  .538719455  .292174374
 359  2.04711617  .00596647083  .0113912674  .537456329  .291457365
 360  2.04679785  .00595986094  .0113707001  .53699927  .291179753
 361  2.04647905  .00594616938  .0113367333  .5359067  .290556084
 362  2.04615976  .00593344987  .0113046649  .534900662  .289979794
 363  2.04584  .00592167111  .0112744383  .533978731  .289449376
 364  2.04551977  .00591081446  .0112460101  .533139096  .288963937
 365  2.04519908  .00590090524  .0112194219  .532383982  .288524736
 366  2.04487794  .0058919253  .0111946425  .53171215  .288130904
 367  2.04455635  .00588386738  .0111716467  .53112266  .287782108
 368  2.04423433  .00586875421  .0111353685  .529898797  .287088135
 369  2.04391188  .00586253402  .0111159352  .529473798  .286829099
 370  2.043589  .00584925721  .0110832296  .528414043  .286224736
 371  2.04326571  .00583689622  .0110523018  .527435963  .28566506
 372  2.04294201  .00582543238  .0110231199  .526538272  .28514918
 373  2.04261791  .00581487045  .0109956822  .525721128  .284677346
 374  2.04229341  .00580519158  .0109699565  .524983226  .284248656
 375  2.04196853  .0057963999  .0109459401  .52432467  .283863331
 376  2.04164327  .00578848912  .0109236212  .523745127  .283521083
 377  2.04131763  .00577355142  .0108881519  .522532258  .282834544
 378  2.04099163  .00576736509  .0108691567  .522107329  .282576616
 379  2.04066527  .00575417311  .0108370608  .521050594  .281975353
 380  2.04033855  .00574182539  .0108066024  .520069565  .281415326
 381  2.04001149  .00573825706  .0107926331  .519879872  .281285527
 382  2.03968408  .00572763773  .0107654958  .519053814  .280810042
 383  2.03935634  .00571784322  .0107399458  .51830171  .280374896
 384  2.03902827  .00570107615  .0107014127  .516919973  .2795977
 385  2.03869988  .00569300611  .0106791801  .516322675  .279246895
 386  2.03837117  .00568576434  .010658532  .515799855  .278936655
 387  2.03804215  .00567150573  .0106248354  .514642932  .278282063
 388  2.03771282  .0056659295  .0106073741  .514269909  .278053386
 389  2.03738319  .00565333659  .0105768735  .513262359  .27748028
 390  2.03705327  .005641582  .0105479869  .512330263  .276948182
 391  2.03672307  .00563845167  .0105351847  .512177334  .276839388
 392  2.03639257  .0056283159  .0105093873  .511390697  .276386585
 393  2.0360618  .00561900056  .0104851609  .510678065  .275973968
 394  2.03573076  .00560267042  .010447949  .509330024  .27521667
 395  2.03539945  .00559497345  .0104268083  .508762638  .274883313
 396  2.03506788  .00558805798  .0104071563  .508265861  .274588284
 397  2.03473605  .00557413948  .0103745633  .507134537  .27394902
 398  2.03440397  .00556881941  .0103579437  .506781627  .273732233
 399  2.03407164  .00555651896  .0103284347  .505795823  .273172235
 400  2.03373907  .00555275038  .0103147496  .505582807  .273031603
 401  2.03340626  .00554200164  .0102881952  .504736998  .272547683
 402  2.03307322  .0055320127  .010263083  .503959442  .272101007
 403  2.03273994  .00552279997  .0102394447  .503251887  .271692402
 404  2.03240644  .00551437971  .0102173081  .502615906  .271322684
 405  2.03207273  .00550672477  .0101966196  .50204905  .270990536
 406  2.03173879  .00549210276  .0101631279  .500849203  .270315396
 407  2.03140464  .00548595587  .0101452938  .5004185  .270057267
 408  2.03107029  .00547284352  .0101146718  .499354685  .269456136
 409  2.03073573  .00546820506  .0100996824  .499060419  .269272116
 410  2.03040097  .00545660113  .0100719174  .498132772  .268745002
 411  2.03006601  .00545346046  .0100597389  .497974029  .268634637
 412  2.02973087  .00544333199  .0100347589  .497179745  .268179988
 413  2.02939553  .00543395814  .0100112034  .496453699  .267762398
 414  2.02906001  .00542531103  .00998901781  .49579337  .267380511
 415  2.02872431  .00541738548  .00996819004  .495198338  .267034089
 416  2.02838843  .00540252762  .00993470595  .493971977  .266345811
 417  2.02805237  .00539607611  .00991664916  .493510224  .266071832
 418  2.02771615  .00539032927  .00989991472  .493112551  .265832536
 419  2.02737976  .00537762793  .00987049724  .492080915  .265250154
 420  2.0270432  .00537327824  .00985637593  .491809742  .265079611
 421  2.02670649  .00536199558  .00982963071  .490906677  .264566951
 422  2.02636962  .00535144864  .00980426607  .490070083  .26409045
 423  2.0260326  .00534919776  .00979406208  .489989547  .264023283
 424  2.02569542  .00534003409  .00977128627  .489278418  .263614857
 425  2.0253581  .00533152457  .00974973253  .488626351  .263238613
 426  2.02502064  .00532374876  .00972955322  .488041151  .262898494
 427  2.02468304  .00530900661  .00969673722  .486819579  .262214209
 428  2.0243453  .00530257884  .00967907634  .48635647  .261940433
 429  2.02400743  .00529682496  .00966267208  .485954831  .261699877
 430  2.02366943  .00528410419  .00963364472  .484916184  .261114988
 431  2.0233313  .0052797072  .00961976205  .484637799  .26094131
 432  2.02299306  .0052683428  .00959327069  .483722255  .260423178
 433  2.02265469  .00526521683  .00958174562  .483559518  .260312196
 434  2.02231621  .00525518685  .00955774098  .482765252  .259859799
 435  2.02197762  .00524580864  .00953495205  .482030173  .259439501
 436  2.02163892  .005237077  .00951336705  .481353848  .259051057
 437  2.02130012  .00522898661  .00949297415  .480735836  .258694221
 438  2.02096122  .00522153341  .00947376038  .480175637  .258368808
 439  2.02062222  .00521473367  .00945576044  .479675166  .258075637
 440  2.02028314  .00520856218  .00943891913  .47923178  .257813476
 441  2.01994397  .0051954819  .00940964665  .478155058  .257209209
 442  2.01960471  .00519056114  .00939512398  .477825773  .257008766
 443  2.01926538  .00518628026  .00938177528  .477554807  .256839954
 444  2.01892597  .00517511729  .00935606197  .476652578  .256330215
 445  2.0185865  .00516457847  .00933150871  .475807085  .255851234
 446  2.01824696  .00516216938  .00932160792  .475707032  .255774911
 447  2.01790737  .00515287909  .0092993581  .474975196  .255357563
 448  2.01756773  .0051442104  .009278261  .474300166  .254970891
 449  2.01722804  .00513619482  .00925836897  .473684768  .25461647
 450  2.0168883  .00512878092  .00923958248  .473124059  .254291768
 451  2.01654854  .00512201331  .00922198789  .472622603  .25399901
 452  2.01620874  .0051158743  .00920554403  .472178438  .253737334
 453  2.01586893  .00511036817  .00919026011  .47179218  .253506967
 454  2.01552909  .0050980542  .00916281941  .470779765  .252938755
 455  2.01518926  .00509383633  .00914989785  .470511355  .252772106
 456  2.01484942  .00508283583  .0091248763  .469618848  .252268769
 457  2.01450959  .00507991812  .00911433036  .469469545  .25216649
 458  2.01416977  .00507024864  .00909175135  .468698732  .251728961
 459  2.01382998  .00506127625  .00907045145  .467991683  .251325897
 460  2.01349022  .00505299523  .00905041469  .467347723  .250957029
 461  2.0131505  .00504542166  .00903167462  .466768734  .250623173
 462  2.01281083  .00503859588  .0090142955  .466258189  .250326349
 463  2.01247123  .00503247641  .00899820296  .465812393  .250064515
 464  2.01213169  .00502714935  .00898355072  .465439455  .249841964
 465  2.01179224  .00502260025  .00897030993  .465138038  .249657999
 466  2.01145288  .0050114497  .0089453633  .464227567  .249145767
 467  2.01111363  .00500852953  .00893507712  .464075937  .249042593
 468  2.01077449  .00499906395  .00891319549  .463320183  .248613854
 469  2.01043548  .00499052094  .00889298719  .46264908  .248230843
 470  2.01009661  .00498290014  .00887445495  .462062949  .247893564
 471  2.0097579  .00497624726  .00885767168  .461565766  .247604314
 472  2.00941936  .00497059156  .00884269014  .461160463  .24736457
 473  2.00908101  .00496598646  .00882960335  .460852081  .247177015
 474  2.00874286  .00495512166  .00880547442  .459965035  .246677749
 475  2.00840492  .00495275972  .00879642911  .45986369  .246601652
 476  2.00806723  .00494423515  .00877651965  .459192297  .246218607
 477  2.00772979  .00493696882  .00875887758  .458637026  .245898071
 478  2.00739262  .00493103718  .00874363615  .458205083  .245643883
 479  2.00705575  .00492650206  .00873090201  .457902298  .245459154
 480  2.00671919  .00491604804  .00870776881  .457051485  .24497937
 481  2.00638297  .00491449682  .00870038152  .45702465  .244943108
 482  2.00604713  .00490720753  .00868292646  .456466627  .24462075
 483  2.00571167  .0049016266  .00866852871  .456066619  .244383412
 484  2.00537663  .00489050009  .00864441771  .455152508  .243869407
 485  2.00504204  .00488859547  .00863659566  .455093159  .243815111
 486  2.00470794  .00488133216  .00861939608  .45453696  .243493432
 487  2.00437436  .00487616246  .00860593596  .45417491  .243276035
 488  2.00404133  .0048658741  .00858354034  .453337926  .242803082
 489  2.0037089  .00486522357  .00857813884  .453395324  .242810898
 490  2.00337712  .00485966844  .00856417974  .452997471  .242573822
 491  2.00304602  .00484937399  .00854197824  .452159903  .242099978
 492  2.00271568  .00484175852  .00852454753  .45157087  .241759655
 493  2.00238613  .00483694296  .00851209819  .451241962  .241558952
 494  2.00205746  .00483508559  .00850490131  .451187996  .241505836
 495  2.00172972  .00482901019  .00849039132  .450742339  .24124187
 496  2.00140298  .00482614706  .00848158056  .450595298  .241138197
 497  2.00107734  .00481941649  .00846608593  .450089026  .240841091
 498  2.00075288  .00481617514  .00845677615  .449907239  .240718142
 499  2.00042969  .00480932426  .0084412441  .44938993  .240414561
 500  2.00010788  .00480629878  .00843248625  .449228617  .240301977
