 2 2. 137.92323686079698 15.22750099869851 0.20845408906370044 1.7415892197673082
 3 3. 155.3054025548126 13.757600999040747 0.29357699886791894 1.447314587430842
 4 4. 168.0017951140507 13.285300999150714 0.3742587999917268 1.2100196905082043
 5 5. 178.68180399365326 13.115500999190248 0.4513241571594962 1.024823973745611
 6 6. 188.61498633298044 13.067200999201493 0.5241746665755017 0.8808941561759349
 7 7. 198.2627260118534 13.070800999200655 0.5921405465315464 0.7689378616287965
 8 8. 207.67125202975836 13.095400999194927 0.6549916075637879 0.6814558391302671
 9 9. 216.71879893400853 13.12700099918757 0.7129607360435246 0.6125478105113428
 10 10. 225.25872390302743 13.159100999180097 0.7665805832831105 0.5574371056986748
 11 11. 233.1911607627011 13.189500999173019 0.8165035653498989 0.512686889197428
 12 12. 240.48809316158093 13.217600999166477 0.8633698517618318 0.47570023719611737
 13 13. 247.1903843733913 13.243300999160493 0.9077311224012102 0.44447359916160156
 14 14. 253.39014076436658 13.267000999154973 0.9500177822907624 0.4176830672177372
 15 15. 259.20765438113733 13.289200999149806 0.9905351082128824 0.3944693580654124
 16 16. 264.76892487451136 13.30980099914501 1.029477044483998 0.374002850366362
 17 17. 270.18727201582703 13.329200999140491 1.0669496754934602 0.35599197061261506
 18 18. 275.5506992522638 13.347200999136302 1.1029985957932134 0.3400131502209509
 19 19. 280.915349357017 13.363800999132437 1.1376357738505303 0.3258737170817032
 20 20. 286.3045094142247 13.37890099912892 1.1708626367001627 0.3133919978028853
 21 21. 291.71208865319744 13.392500999125755 1.2026873117436094 0.30246457074531724
 22 22. 297.10923336807724 13.40450099912296 1.2331352790601682 0.29292566746522475
 23 23. 302.4526920021579 13.414900999120539 1.2622537892844246 0.28464567959725734
 24 24. 307.69364291217624 13.423900999118443 1.2901112362172094 0.2775897145127018
 25 25. 312.78589810355425 13.431400999116697 1.3167930374405077 0.2715259754204875
 26 26. 317.6926568430968 13.437500999115276 1.3423955327664248 0.26632329372602626
 27 27. 322.39126924328207 13.442500999114113 1.3670192658280136 0.2619718982927129
 28 28. 326.87575411470556 13.446500999113182 1.3907625562470214 0.2583460250083483
 29 29. 331.15707623195755 13.449500999112482 1.4137160098855717 0.255264812113077
 30 30. 335.26140995195533 13.45170099911197 1.435958373807685 0.2526950099362047
 31 31. 339.22678830687187 13.453300999111597 1.4575538242173012 0.2506237482153508
 32 32. 343.098653334699 13.454200999111388 1.4785508065717077 0.24887227110577753
 33 33. 346.92488267997527 13.454600999111294 1.4989823025988767 0.24747931026044673
 34 34. 350.75087114697305 13.454600999111294 1.5188673637485246 0.24644404313541324
 35 35. 354.6151987285847 13.45410099911141 1.5382136640913606 0.24565671975689823
 36 36. 358.5463260148324 13.45320099911162 1.5570207154947096 0.24515454791780583
 37 37. 362.5606331699736 13.451800999111947 1.5752833784990377 0.24485723860114775
 38 38. 366.66197071563613 13.450000999112365 1.5929952379272132 0.24482407454427588
 39 39. 370.8427310012286 13.447900999112855 1.6101515251755485 0.2451228543705574
 40 40. 375.08629076523215 13.445200999113483 1.6267512683674015 0.2455478169141497
 41 41. 379.3705298047233 13.442200999114181 1.6427985590196317 0.24630011984030678
 42 42. 383.67201009654207 13.438700999114998 1.65830287006891 0.24723508470430625
 43 43. 387.97031425930606 13.434900999115882 1.6732785293825698 0.2484797708253361
 44 44. 392.25200088327057 13.430600999116884 1.6877435036270936 0.24987805561341295
 45 45. 396.513643700332 13.425900999117978 1.7017177402860344 0.2514791780041402
 46 46. 400.7634858566605 13.420800999119164 1.7152213066536308 0.25325993473880115
 47 47. 405.02136052265223 13.415400999120422 1.7282726002764979 0.2552683020577617
 48 48. 409.31670184513945 13.409600999121773 1.7408868583640118 0.2574093889105709
 49 49. 413.68468868765405 13.403500999123192 1.753075190011342 0.25973267928953525
 50 50. 418.16081582415563 13.397100999124683 1.7648442814240652 0.26222197832494526
 51 51. 423.484005982775 13.390400999126243 1.7761724056108794 0.2648514526182785
 52 52. 428.3012068959082 13.383400999127872 1.7870283724873286 0.26764825513706814
 53 53. 433.14687607822725 13.376000999129596 1.7974587512866522 0.2705397847887611
 54 54. 438.0143133904099 13.368400999131365 1.807477221782584 0.2736555562055627
 55 55. 442.89738820077935 13.360400999133228 1.8170985000754365 0.2768328933918095
 56 56. 447.7905041088735 13.352200999135137 1.8263373753738419 0.2802035794950132
 57 57. 452.688565374358 13.343700999137116 1.8352086472568965 0.28367660320365634
 58 58. 457.5869449863222 13.335000999139142 1.8437270184159888 0.2873111357013446
 59 59. 462.4814543099218 13.326000999141238 1.8519069931879413 0.2910151413863291
 60 60. 467.368314249219 13.316800999143378 1.8597627988089427 0.2948478645202508
 61 61. 472.24412786691187 13.30730099914559 1.8673083160127173 0.29871581703593103
 62 62. 477.1058544034437 13.297700999147827 1.8745570408193932 0.3027562588965834
 63 63. 481.9507846397446 13.28780099915013 1.8815220376848576 0.306800830984377
 64 64. 486.77651754957276 13.27780099915246 1.8882159171256787 0.3109871705375713
 65 65. 491.58093818910385 13.267600999154835 1.8946508237130721 0.31522391079817264
 66 66. 496.36219677305445 13.257300999157232 1.9008384189514829 0.31957403704060267
 67 67. 501.11868888822727 13.246800999159678 1.906789888389347 0.32394680363474515
 68 68. 505.8490367969281 13.236100999162169 1.9125159315456637 0.3283277480332994
 69 69. 510.55207178422995 13.225300999164682 1.918026781369139 0.33278324963177974
 70 70. 515.2268175045496 13.214500999167198 1.9233322018942767 0.33738009263097246
 71 71. 519.8724742844522 13.203500999169759 1.9284415035039717 0.3419497103870001
 72 72. 524.4884043400211 13.192400999172344 1.9333635522003394 0.34655798150086947
 73 73. 529.0741178685084 13.181200999174951 1.9381067989013894 0.35119749039616305
 74 74. 533.6292599753327 13.169900999177582 1.9426792704781337 0.35585635930162246
 75 75. 538.1535983988059 13.158600999180212 1.9470886038065407 0.36060475206753323
 76 76. 542.6470119962502 13.147200999182868 1.9513420593158164 0.36535598863652563
 77 77. 547.1094799564192 13.135700999185545 1.9554465273420731 0.37010019025783747
 78 78. 551.5410717043524 13.124100999188245 1.9594085549733438 0.3748289684928572
 79 79. 555.9419374659781 13.112600999190922 1.9632343588282042 0.37969593620654857
 80 80. 560.3122994609406 13.100900999193648 1.9669298403276083 0.3844537646443762
 81 81. 564.6524436932445 13.089300999196348 1.970500593855078 0.38933524429682176
 82 82. 568.9627123104149 13.077600999199072 1.973951940922244 0.3941751380859306
 83 83. 573.2434965029287 13.06580099920182 1.9772889219509426 0.3989658983133973
 84 84. 577.495229916722 13.054100999204543 1.9805163218692523 0.4038636720475517
 85 85. 581.7183825525789 13.042300999207292 1.9836386859048902 0.40870184678160415
 86 86. 585.9134551271959 13.03050099921004 1.9866603268543341 0.4135565213529014
 87 87. 590.0809738716715 13.018700999212786 1.9895853333958615 0.41842225141784073
 88 88. 594.2214857440981 13.006900999215533 1.9924175944351135 0.42329480052907936
 89 89. 598.3355540338405 12.995000999218304 1.995160800341432 0.4280886724487745
 90 90. 602.42375433596 12.98320099922105 1.9978184538327108 0.4329637632794977
 91 91. 606.4866708750997 12.9714009992238 2.0003938846427607 0.4378342154432333
 92 92. 610.5248931589751 12.959600999226547 2.0028902556013954 0.4426960981714939
 93 93. 614.5390129424171 12.947800999229294 2.0053105730498655 0.4475465444063898
 94 94. 618.529621483699 12.936000999232041 2.0076576963934674 0.45238235881679284
 95 95. 622.4973070756375 12.924200999234788 2.009934343656344 0.45720066511943613
 96 96. 626.4426528346924 12.912400999237535 2.012143100168702 0.4619985670425255
 97 97. 630.3662347320045 12.900600999240284 2.014286427144105 0.4667734651173605
 98 98. 634.2686198510057 12.888900999243008 2.0163666668534717 0.47160613519372624
 99 99. 638.1503648569035 12.877100999245755 2.0183860549296617 0.4763284795367931
 100 100. 642.0120146639962 12.865400999248479 2.0203467109291204 0.48110401240841894
 101 101. 645.8541012874032 12.85380099925118 2.0222506634891024 0.48593121843171283
 102 102. 649.6771428664063 12.842100999253903 2.0240998476404615 0.4906422630867495
 103 103. 653.4816428471894 12.830500999256605 2.0258961024568833 0.49540072539765834
 104 104. 657.2680893133362 12.818900999259306 2.027641188765947 0.5001225498486376
 105 105. 661.0369544529991 12.807300999262006 2.0293367857031113 0.5048052544198934
 106 106. 664.7886941521866 12.795700999264707 2.0309844992948096 0.5094479814289837
 107 107. 668.5237477041379 12.784200999267386 2.032585860923273 0.5141336514040705
 108 108. 672.2425376252494 12.772700999270063 2.0341423378070673 0.5187769712963717
 109 109. 675.9454695685043 12.761300999272716 2.0356553314694987 0.523460734842651
 110 110. 679.6329323258219 12.74990099927537 2.0371261891096935 0.5281011039263641
 111 111. 683.3052979111943 12.738500999278026 2.0385561895600506 0.532693729749909
 112 112. 686.9629217169123 12.72710099928068 2.0399465695334724 0.5372401011482657
 113 113. 690.6061427356033 12.71580099928331 2.041298508681789 0.5418240655837118
 114 114. 694.2352838412048 12.70450099928594 2.0426131364347584 0.5463582505245359
 115 115. 697.8506521223917 12.69330099928855 2.0438915447538206 0.5509298163308441
 116 116. 701.4525392623449 12.682100999291157 2.0451347753822016 0.5554513669051669
 117 117. 705.041221959114 12.670900999293764 2.046343829275105 0.559921424588861
 118 118. 708.6169623811726 12.65980099929635 2.0475196717827986 0.5644270841080995
 119 119. 712.180008653099 12.648700999298933 2.0486632278275763 0.568880906650479
 120 120. 715.7305953666349 12.637700999301494 2.0497753886074594 0.5733682579314459
 121 121. 719.268944112686 12.626700999304056 2.0508570130536694 0.5778030708423354
 122 122. 722.7952640301196 12.615700999306616 2.051908926363336 0.5821842888313442
 123 123. 726.3097523675045 12.604800999309155 2.0529319263262407 0.586599267966078
 124 124. 729.8125950542035 12.593900999311693 2.0539267794926612 0.5909604204230697
 125 125. 733.303967277495 12.583100999314206 2.0548942255677045 0.5953540289788483
 126 126. 736.7840340626486 12.572300999316722 2.0558349802668796 0.5996931115079355
 127 127. 740.2529508531154 12.561500999319236 2.056749732562119 0.6039783885458024
 128 128. 743.7108640882265 12.550800999321728 2.057639148886844 0.6082959403333937
 129 129. 747.1579117760073 12.540100999324219 2.0585038711003594 0.6125579029162234
 130 130. 750.5942240589272 12.529500999326686 2.0593445245417814 0.6168535492076497
 131 131. 754.019923770598 12.518900999329155 2.0601617091947597 0.6210934994706786
 132 132. 757.4351269816268 12.508400999331599 2.060956007957353 0.6253665591301387
 133 133. 760.8399435330095 12.497900999334044 2.0617279829127826 0.6295832556348677
 134 134. 764.234477555619 12.487400999336488 2.0624781818215165 0.6337457292654056
 135 135. 767.6188279745069 12.47700099933891 2.063207132214105 0.6379407052615786
 136 136. 770.9930889968919 12.466600999341331 2.063915347911577 0.6420810503644662
 137 137. 774.357350582852 12.45630099934373 2.0646033215962425 0.646253014221277
 138 138. 777.7116988978789 12.446000999346127 2.0652715403965978 0.6503711300035316
 139 139. 781.0562167465812 12.435800999348503 2.0659204668974205 0.6545222719105319
 140 140. 784.3909839869458 12.4255009993509 2.0665505558389756 0.6585293777786361
 141 141. 787.7160779246872 12.415400999353253 2.0671622483882803 0.6626595100090032
 142 142. 791.0315736873187 12.405300999355605 2.067755970430424 0.6667348708975511
 143 143. 794.3375445776848 12.395200999357955 2.0683321366045995 0.6707553758529333
 144 144. 797.6340624067906 12.385100999360308 2.0688911516798925 0.674721679677136
 145 145. 800.9211978058522 12.375100999362635 2.0694334064365028 0.6787228004211493
 146 146. 804.1990205175786 12.36520099936494 2.0699592799860245 0.6827582497305975
 147 147. 807.4675996667706 12.355300999367246 2.0704691433001994 0.6867391061866239
 148 148. 810.7270040103995 12.34540099936955 2.0709633577216273 0.6906675535089541
 149 149. 813.9773021673889 12.335600999371833 2.071442270929341 0.6946308447015279
 150 150. 817.2185628283942 12.325800999374115 2.071906223074286 0.6985398398430481
 151 151. 820.4508549459206 12.316000999376396 2.0723555476650493 0.7023967960113101
 152 152. 823.674247905184 12.306300999378655 2.072790566576948 0.7062899491438104
 153 153. 826.8888116761566 12.296600999380914 2.073211592075645 0.7101299794610214
 154 154. 830.0946169472909 12.287000999383148 2.0736189305825072 0.714007480313286
 155 155. 833.2917352414485 12.277400999385383 2.074012878796353 0.7178322719596913
 156 156. 836.4802390145983 12.267900999387596 2.0743937256437825 0.721694390619818
 157 157. 839.6602017378802 12.258400999389806 2.0747617553404467 0.7255056873840036
 158 158. 842.8316979636547 12.248900999392019 2.0751172387814534 0.7292641579916195
 159 159. 845.9948033761863 12.239500999394208 2.075460445691658 0.733061560124256
 160 160. 849.1495948276254 12.230100999396397 2.0757916372553287 0.7368080861973025
 161 161. 852.2961503599741 12.220700999398584 2.0761110640571805 0.7405024741347731
 162 162. 855.4345492137327 12.21140099940075 2.076418977489764 0.7442374465736458
 163 163. 858.5648718239336 12.202100999402916 2.076715616184009 0.7479215628156153
 164 164. 861.6871998042841 12.192900999405058 2.077001214610143 0.7516455030104445
 165 165. 864.8016159201353 12.183700999407199 2.077276003128011 0.7553198802594331
 166 166. 867.9082040510068 12.174500999409341 2.077540204822994 0.7589448942964805
 167 167. 871.00704914339 12.16540099941146 2.0777940362177194 0.7626107602511902
 168 168. 874.098237154558 12.15630099941358 2.078037708282304 0.7662264222390474
 169 169. 877.1818549881003 12.147300999415675 2.0782714295364135 0.7698843911994627
 170 170. 880.2579904218987 12.13830099941777 2.0784954018076953 0.7734942017273481
 171 171. 883.3267320292515 12.129300999419865 2.0787098195547493 0.7770546518353569
 172 172. 886.3881690938446 12.120400999421937 2.0789148756447906 0.7806577511532511
 173 173. 889.4423915192566 12.11150099942401 2.0791107575948353 0.7842135519092273
 174 174. 892.4894897336724 12.102600999426082 2.0792976464556236 0.7877215908393697
 175 175. 895.5295545904658 12.093800999428131 2.0794757202022818 0.791272619866661
 176 176. 898.5626772652962 12.08500099943018 2.0796451532174425 0.7947772502575849
 177 177. 901.5889491503502 12.07620099943223 2.079806112420578 0.7982342739253879
 178 178. 904.6084617463356 12.067500999434255 2.0799587647647333 0.8017361105985602
 179 179. 907.6213065528241 12.05880099943628 2.080103270740638 0.8051917125458583
 180 180. 910.627574957513 12.050200999438282 2.080239786067303 0.8086921700083082
 181 181. 913.6273581249603 12.041600999440284 2.080368464395774 0.8121463132437318
 182 182. 916.6207468853228 12.033000999442287 2.080489456098752 0.8155551358627261
 183 183. 919.607831623608 12.024400999444289 2.0806029065822846 0.8189181690436262
 184 184. 922.5887021699263 12.015900999446268 2.0807089577170306 0.8223274696431225
 185 185. 925.5634476912081 12.007500999448224 2.080807749709525 0.8257842110253147
 186 186. 928.5321565848265 11.999000999450203 2.08089941665584 0.8291043008330194
 187 187. 931.4949163745413 11.990600999452159 2.080984090001954 0.832471027547546
 188 188. 934.4518136091611 11.982200999454115 2.0810619019274603 0.8357942570353945
 189 189. 937.4029337642885 11.973900999456047 2.0811329771308476 0.8391656190922473
 190 190. 940.3483611474948 11.96560099945798 2.081197436395645 0.8424919604381254
 191 191. 943.2881788072458 11.957300999459912 2.0812554033189006 0.8457757264284718
 192 192. 946.2224684458718 11.949100999461821 2.0813069943843243 0.8491079886697475
 193 193. 949.1513103368557 11.94090099946373 2.081352323917435 0.8523983171353667
 194 194. 952.0747832466848 11.93270099946564 2.0813915026225183 0.8556440840892524
 195 195. 954.9929643614912 11.924600999467525 2.081424641837641 0.8589401510622775
 196 196. 957.9059292186768 11.916400999469435 2.081451848608083 0.8621020126016442
 197 197. 960.8137516437018 11.908400999471297 2.0814732254983404 0.8654066066836604
 198 198. 963.7165036921876 11.900300999473183 2.081488875653216 0.8685760763553375
 199 199. 966.6142555974617 11.892300999475047 2.081498898948355 0.8717972507195216
 200 200. 969.5070757236524 11.88430099947691 2.0815033931607414 0.8749764020774379
