           2   2.0000000000000000        137.92323686079698        17.787200998102534       0.15497263590492469        1.9381125027024162     
           3   3.0000000000000000        155.30540255481259        14.682000998825519       0.21633968112357554        1.7707838278176438     
           4   4.0000000000000000        168.00179511405068        13.637900999068616       0.27501159822594395        1.5964010447842043     
           5   5.0000000000000000        178.68180399365326        13.173000999176860       0.33137178145293572        1.4423772608895409     
           6   6.0000000000000000        188.61498633298035        12.944000999230179       0.38503797011933766        1.3131412244287486     
           7   7.0000000000000000        198.26272601185335        12.826800999257467       0.43557851273371279        1.2067563965828798     
           8   8.0000000000000000        207.67125202975836        12.766500999271505       0.48282141542723928        1.1196141478641823     
           9   9.0000000000000000        216.71879893400828        12.736300999278537       0.52687987908162615        1.0479718773536835     
          10   10.000000000000000        225.25872390302771        12.722500999281751       0.56806013951676071       0.98852343220968786     
          11   11.000000000000000        233.19116076270106        12.717800999282845       0.60675319505738945       0.93851343511180230     
          12   12.000000000000000        240.48809316158037        12.718500999282682       0.64335212502197825       0.89586693816853635     
          13   13.000000000000000        247.19038437339154        12.722600999281727       0.67820210389768243       0.85900745107745213     
          14   14.000000000000000        253.39014076436595        12.728800999280283       0.71157718434204864       0.82668713107896175     
          15   15.000000000000000        259.20765438113682        12.736600999278467       0.74367560930475884       0.79812532890775578     
          16   16.000000000000000        264.76892487451158        12.745500999276395       0.77462678524419615       0.77268930499516830     
          17   17.000000000000000        270.18727201583044        12.754900999274208       0.80450494692499452       0.74982281181738941     
          18   18.000000000000000        275.55069925226150        12.764700999271925       0.83334572986590361       0.72929424398840237     
          19   19.000000000000000        280.91534935701884        12.774500999269643       0.86116277583075362       0.71079751596870810     
          20   20.000000000000000        286.30450941422851        12.784100999267409       0.88796223659608120       0.69415139572879569     
          21   21.000000000000000        291.71208865319431        12.793300999265266       0.91375374830389289       0.67918485017025876     
          22   22.000000000000000        297.10923336807883        12.801900999263264       0.93855736522418176       0.66571942383086191     
          23   23.000000000000000        302.45269200215660        12.809800999261425       0.96240659547071739       0.65360978102703216     
          24   24.000000000000000        307.69364291217914        12.817000999259747       0.98534819875245228       0.64274528382787588     
          25   25.000000000000000        312.78589810354896        12.823400999258258        1.0074397058490072       0.63295111388926806     
          26   26.000000000000000        317.69265684311011        12.829100999256930        1.0287456395206409       0.62414521558750158     
          27   27.000000000000000        322.39126924329798        12.834100999255767        1.0493332181558599       0.61619158735890200     
          28   28.000000000000000        326.87575411469697        12.838500999254743        1.0692682180387147       0.60900992409157351     
          29   29.000000000000000        331.15707623193651        12.842300999253858        1.0886114010091241       0.60247528367094449     
          30   30.000000000000000        335.26140995189564        12.845600999253088        1.1074157767037616       0.59652848483338305     
          31   31.000000000000000        339.22678830689995        12.848500999252414        1.1257248235102031       0.59112606746049134     
          32   32.000000000000000        343.09865333467542        12.851000999251832        1.1435716992012004       0.58618693708492742     
          33   33.000000000000000        346.92488268002739        12.853100999251343        1.1609794154200448       0.58164485138003152     
          34   34.000000000000000        350.75087114719554        12.854900999250924        1.1779618307864013       0.57750663135516811     
          35   35.000000000000000        354.61519872856252        12.856400999250575        1.1945253382242591       0.57373696095379978     
          36   36.000000000000000        358.54632601499634        12.857600999250295        1.2106709810665737       0.57031177966532465     
          37   37.000000000000000        362.56063316973177        12.858500999250085        1.2263967626120413       0.56721446506775108     
          38   38.000000000000000        366.66197071557144        12.859000999249970        1.2416998604960163       0.56437752859540202     
          39   39.000000000000000        370.84273100101200        12.859300999249900        1.2565785499091331       0.56190865484175223     
          40   40.000000000000000        375.08629076494253        12.859200999249923        1.2710336089802243       0.55968530353114343     
          41   41.000000000000000        379.37052980510634        12.858700999250038        1.2850691439723430       0.55769744305499913     
          42   42.000000000000000        383.67201009665587        12.858000999250201        1.2986927752280955       0.55605126851480002     
          43   43.000000000000000        387.97031426085596        12.856900999250458        1.3119152513473789       0.55461579044782527     
          44   44.000000000000000        392.25200088388374        12.855400999250808        1.3247496308287796       0.55337308702080934     
          45   45.000000000000000        396.51364370108058        12.853700999251203        1.3372101329733170       0.55242545765506001     
          46   46.000000000000000        400.76348585495725        12.851700999251669        1.3493108899270274       0.55169270227056955     
          47   47.000000000000000        405.02136052516289        12.849300999252227        1.3610647138403524       0.55109622950417259     
          48   48.000000000000000        409.31670184488758        12.846700999252834        1.3724821270584917       0.55073862910756299     
          49   49.000000000000000        413.68468868933269        12.843800999253508        1.3835707180125920       0.55054287829572912     
          50   50.000000000000000        418.16081582364859        12.840600999254253        1.3943349820363640       0.55049548776494572     
          51   51.000000000000000        423.48400598277510        12.837200999255044        1.4047551799706000       0.55064577759533184     
          52   52.000000000000000        428.30120689590791        12.833500999255905        1.4148160549427842       0.55094871368264831     
          53   53.000000000000000        433.14687607822742        12.829600999256813        1.4245505151553852       0.55145569901433489     
          54   54.000000000000000        438.01431339040994        12.825300999257815        1.4339677296837461       0.55202753632224721     
          55   55.000000000000000        442.89738820077963        12.820900999258839        1.4430780579092015       0.55283959111690706     
          56   56.000000000000000        447.79050410887311        12.816100999259957        1.4518919383849831       0.55368920085207307     
          57   57.000000000000000        452.68856537435789        12.811200999261098        1.4604198150592105       0.55475504328486847     
          58   58.000000000000000        457.58694498632218        12.806000999262309        1.4686720826812654       0.55589577343449681     
          59   59.000000000000000        462.48145430992196        12.800600999263567        1.4766590019242476       0.55716269665487139     
          60   60.000000000000000        467.36831424921871        12.795000999264870        1.4843906578284913       0.55854248455709921     
          61   61.000000000000000        472.24412786691164        12.789200999266221        1.4918769071135360       0.56002370656344502     
          62   62.000000000000000        477.10585440344335        12.783300999267594        1.4991273570934975       0.56165820372510167     
          63   63.000000000000000        481.95078463974517        12.777100999269038        1.5061513337599974       0.56330403411044583     
          64   64.000000000000000        486.77651754957265        12.770800999270504        1.5129578589190205       0.56508071974366181     
          65   65.000000000000000        491.58093818910305        12.764400999271995        1.5195556515306938       0.56697640225831858     
          66   66.000000000000000        496.36219677305473        12.757700999273554        1.5259531129887620       0.56884880546383232     
          67   67.000000000000000        501.11868888822789        12.751000999275115        1.5321583128054725       0.57088668626247185     
          68   68.000000000000000        505.84903679692741        12.744100999276721        1.5381790185164741       0.57294576710515277     
          69   69.000000000000000        510.55207178423035        12.737100999278351        1.5440226620750359       0.57508468155117654     
          70   70.000000000000000        515.22681750454819        12.730000999280005        1.5496963765032148       0.57729269780637382     
          71   71.000000000000000        519.87247428445164        12.722700999281704        1.5552069770375883       0.57949580187683603     
          72   72.000000000000000        524.48840434002068        12.715400999283403        1.5605609843276729       0.58181915446446719     
          73   73.000000000000000        529.07411786850878        12.708000999285126        1.5657646302130497       0.58418747867840937     
          74   74.000000000000000        533.62925997533284        12.700400999286895        1.5708238657229687       0.58652588824540186     
          75   75.000000000000000        538.15359839880421        12.692800999288666        1.5757443639924156       0.58896257179251232     
          76   76.000000000000000        542.64701199625063        12.685200999290435        1.5805315452544191       0.59148984050160469     
          77   77.000000000000000        547.10947995641811        12.677400999292251        1.5851905750958450       0.59396672695685959     
          78   78.000000000000000        551.54107170435259        12.669600999294067        1.5897263784513587       0.59652197217371883     
          79   79.000000000000000        555.94193746597830        12.661700999295906        1.5941436469285664       0.59908314752207781     
          80   80.000000000000000        560.31229946094049        12.653800999297745        1.5984468592795160       0.60171138519152301     
          81   81.000000000000000        564.65244369324523        12.645800999299608        1.6026402785518736       0.60433383973229149     
          82   82.000000000000000        568.96271231041430        12.637800999301470        1.6067279671830457       0.60701428858446116     
          83   83.000000000000000        573.24349650292754        12.629700999303356        1.6107138021964358       0.60967876993998049     
          84   84.000000000000000        577.49522991672291        12.621600999305244        1.6146014707431096       0.61239230010353995     
          85   85.000000000000000        581.71838255257796        12.613400999307153        1.6183944952270908       0.61508096896231101     
          86   86.000000000000000        585.91345512719613        12.605300999309039        1.6220962288936347       0.61787857439740745     
          87   87.000000000000000        590.08097387167322        12.597000999310971        1.6257098695339980       0.62057479177827790     
          88   88.000000000000000        594.22148574409732        12.588800999312880        1.6292384633975385       0.62337411020105116     
          89   89.000000000000000        598.33555403383752        12.580500999314813        1.6326849266020012       0.62613228430479162     
          90   90.000000000000000        602.42375433595998        12.572300999316722        1.6360520289217861       0.62898694483739648     
          91   91.000000000000000        606.48667087510125        12.564000999318655        1.6393424195849116       0.63179586923072661     
          92   92.000000000000000        610.52489315897515        12.555700999320587        1.6425586264673504       0.63462568551638088     
          93   93.000000000000000        614.53901294241825        12.547300999322543        1.6457030658758176       0.63740305265990749     
          94   94.000000000000000        618.52962148370113        12.539000999324475        1.6487780434245818       0.64026528182506925     
          95   95.000000000000000        622.49730707563458        12.530600999326431        1.6517857601276036       0.64307095200608289     
          96   96.000000000000000        626.44265283469451        12.522300999328364        1.6547283258755872       0.64595649909264485     
          97   97.000000000000000        630.36623473200689        12.513900999330319        1.6576077512797196       0.64878112954765943     
          98   98.000000000000000        634.26861985100675        12.505600999332252        1.6604259684753242       0.65168094916618180     
          99   99.000000000000000        638.15036485690553        12.497200999334208        1.6631848172990678       0.65451514606604433     
         100   100.00000000000000        642.01201466399857        12.488900999336140        1.6658860638201674       0.65742257759728773     
         101   101.00000000000000        645.85410128740091        12.480500999338096        1.6685314010632419       0.66025985680151711     
         102   102.00000000000000        649.67714286640808        12.472200999340028        1.6711224490392516       0.66316664682923154     
         103   103.00000000000000        653.48164284719019        12.463800999341984        1.6736607611299474       0.66600012701756917     
         104   104.00000000000000        657.26808931333505        12.455500999343917        1.6761478312599201       0.66889944854258576     
         105   105.00000000000000        661.03695445299434        12.447100999345873        1.6785850830295366       0.67172358896653117     
         106   106.00000000000000        664.78869415218389        12.438800999347805        1.6809738965576275       0.67461051134895755     
         107   107.00000000000000        668.52374770414269        12.430500999349738        1.6833155858607480       0.67749004852230099     
         108   108.00000000000000        672.24253762524734        12.422200999351670        1.6856114211917574       0.68035995656299930     
         109   109.00000000000000        675.94546956849888        12.413900999353602        1.6878626209488159       0.68321938815867744     
         110   110.00000000000000        679.63293232582498        12.405600999355535        1.6900703573651652       0.68606700137876309     
         111   111.00000000000000        683.30529791118693        12.397400999357444        1.6922357586064811       0.68897354169407721     
         112   112.00000000000000        686.96292171691016        12.389100999359377        1.6943599108133933       0.69179494150954957     
         113   113.00000000000000        690.60614273560111        12.380900999361286        1.6964438624918261       0.69467328036759279     
         114   114.00000000000000        694.23528384120243        12.372700999363195        1.6984886208259002       0.69753629408153073     
         115   115.00000000000000        697.85065212238965        12.364500999365104        1.7004951579093390       0.70038345033515603     
         116   116.00000000000000        701.45253926234227        12.356300999367013        1.7024644157076891       0.70321303484792119     
         117   117.00000000000000        705.04122195910850        12.348100999368922        1.7043972957189542       0.70602534858566635     
         118   118.00000000000000        708.61696238117088        12.340000999370808        1.7062946760408135       0.70889147998574498     
         119   119.00000000000000        712.18000865309887        12.331800999372717        1.7081573999783646       0.71166638823978967     
         120   120.00000000000000        715.73059536663641        12.323700999374603        1.7099862866683437       0.71449370558710223     
         121   121.00000000000000        719.26894411268006        12.315600999376489        1.7117821234169224       0.71730139665652248     
         122   122.00000000000000        722.79526403012551        12.307600999378352        1.7135456790861119       0.72015958753861431     
         123   123.00000000000000        726.30975236751397        12.299500999380237        1.7152776880093601       0.72292504707868477     
         124   124.00000000000000        729.81259505420132        12.291500999382100        1.7169788674111783       0.72574203433411677     
         125   125.00000000000000        733.30396727749053        12.283500999383962        1.7186499150768328       0.72853618664304121     
         126   126.00000000000000        736.78403406264749        12.275500999385825        1.7202915011041418       0.73130774335756854     
         127   127.00000000000000        740.25295085313053        12.267500999387689        1.7219042788686438       0.73405575448071236     
         128   128.00000000000000        743.71086408822850        12.259600999389528        1.7234888768269687       0.73685435651278242     
         129   129.00000000000000        747.15791177601534        12.251700999391367        1.7250459118310082       0.73962905163569426     
         130   130.00000000000000        750.59422405893179        12.243800999393207        1.7265759785369328       0.74237964879169027     
         131   131.00000000000000        754.01992377059207        12.235900999395046        1.7280796530492935       0.74510664786721426     
         132   132.00000000000000        757.43512698163443        12.228100999396862        1.7295575001525563       0.74788211490442558     
         133   133.00000000000000        760.83994353300432        12.220200999398701        1.7310100616024600       0.75055980812458256     
         134   134.00000000000000        764.23447755562142        12.212400999400517        1.7324378714507365       0.75328538201074691     
         135   135.00000000000000        767.61882797450392        12.204700999402309        1.7338414420466817       0.75605973877744337     
         136   136.00000000000000        770.99308899689322        12.196900999404127        1.7352212765411910       0.75873497061256534     
         137   137.00000000000000        774.35735058285582        12.189200999405919        1.7365778612873666       0.76145796037690527     
         138   138.00000000000000        777.71169889789144        12.181500999407712        1.7379116703174804       0.76415576513458672     
         139   139.00000000000000        781.05621674658653        12.173800999409504        1.7392231660686555       0.76682788660575918     
         140   140.00000000000000        784.39098398694398        12.166200999411274        1.7405127983022228       0.76954724840760858     
         141   141.00000000000000        787.71607792470797        12.158500999413066        1.7417810044080742       0.77216668171309777     
         142   142.00000000000000        791.03157368731524        12.150900999414837        1.7430282097205723       0.77483389341880970     
         143   143.00000000000000        794.33754457769840        12.143400999416583        1.7442548287617659       0.77754934158348210     
         144   144.00000000000000        797.63406240680365        12.135800999418352        1.7454612680593093       0.78016423699892135     
         145   145.00000000000000        800.92119780583084        12.128300999420098        1.7466479211507475       0.78282676050292821     
         146   146.00000000000000        804.19902051758038        12.120800999421844        1.7478151737198198       0.78546235565956712     
         147   147.00000000000000        807.46759966678167        12.113300999423592        1.7489633989218449       0.78807133607471935     
         148   148.00000000000000        810.72700401040072        12.105900999425314        1.7500929622050454       0.79072831805419175     
         149   149.00000000000000        813.97730216739842        12.098400999427060        1.7512042197609978       0.79328425153005011     
         150   150.00000000000000        817.21856282837280        12.091000999428783        1.7522975196413708       0.79588777846179737     
         151   151.00000000000000        820.45085494592161        12.083600999430505        1.7533732015865724       0.79846440254254636     
         152   152.00000000000000        823.67424790518919        12.076300999432206        1.7544315950348275       0.80108936716110701     
         153   153.00000000000000        826.88881167614511        12.069000999433905        1.7554730245880861       0.80368711644794055     
         154   154.00000000000000        830.09461694729964        12.061700999435605        1.7564978032619420       0.80625874399462949     
         155   155.00000000000000        833.29173524142800        12.054400999437304        1.7575062416732248       0.80880277923733290     
         156   156.00000000000000        836.48023901460022        12.047100999439005        1.7584986369636748       0.81132034408207054     
         157   157.00000000000000        839.66020173787388        12.039900999440681        1.7594752837687551       0.81388640362037434     
         158   158.00000000000000        842.83169796365530        12.032700999442357        1.7604364688277516       0.81642516781932284     
         159   159.00000000000000        845.99480337619934        12.025500999444033        1.7613824702078638       0.81893779290822533     
         160   160.00000000000000        849.14959482761083        12.018400999445687        1.7623135631740605       0.82149815625660427     
         161   161.00000000000000        852.29615035994721        12.011200999447363        1.7632300109274293       0.82395755461102593     
         162   162.00000000000000        855.43454921376235        12.004100999449015        1.7641320770258970       0.82646524558347434     
         163   163.00000000000000        858.56487182392925        11.997100999450646        1.7650200161251715       0.82902130644869287     
         164   164.00000000000000        861.68719980428637        11.990000999452299        1.7658940741641265       0.83147605168535976     
         165   165.00000000000000        864.80161592017009        11.983000999453928        1.7667544956157837       0.83397977275128599     
         166   166.00000000000000        867.90820405096622        11.976000999455559        1.7676015178535807       0.83645691162246927     
         167   167.00000000000000        871.00704914340395        11.969000999457188        1.7684353737706044       0.83890742311268118     
         168   168.00000000000000        874.09823715454661        11.962000999458818        1.7692562877639739       0.84133188657658042     
         169   169.00000000000000        877.18185498811317        11.955100999460425        1.7700644827523773       0.84380607493774107     
         170   170.00000000000000        880.25799042188419        11.948200999462031        1.7708601765283136       0.84625359873976835     
         171   171.00000000000000        883.32673202928879        11.941300999463637        1.7716435775198383       0.84867571976520417     
         172   172.00000000000000        886.38816909385764        11.934400999465245        1.7724148974774288       0.85107046979093615     
         173   173.00000000000000        889.44239151921977        11.927600999466828        1.7731743332111773       0.85351643005609856     
         174   174.00000000000000        892.48948973370602        11.920800999468410        1.7739220867910839       0.85593573400521272     
         175   175.00000000000000        895.52955459046450        11.914000999469994        1.7746583500946413       0.85832966139499733     
         176   176.00000000000000        898.56267726526653        11.907200999471577        1.7753833133493133       0.86069691777633706     
         177   177.00000000000000        901.58894915042447        11.900500999473136        1.7760971595632262       0.86311566272731832     
         178   178.00000000000000        904.60846174632979        11.893800999474697        1.7768000724067454       0.86550783217706229     
         179   179.00000000000000        907.62130655284057        11.887100999476257        1.7774922272284110       0.86787473733381770     
         180   180.00000000000000        910.62757495755272        11.880400999477818        1.7781737968075575       0.87021639929448313     
         181   181.00000000000000        913.62735812498147        11.873800999479354        1.7788449510573570       0.87260923201569118     
         182   182.00000000000000        916.62074688530606        11.867100999480913        1.7795058552196001       0.87490049171761419     
         183   183.00000000000000        919.60783162360167        11.860500999482451        1.7801566741393136       0.87724176823956890     
         184   184.00000000000000        922.58870216994308        11.853900999483987        1.7807975632120681       0.87955895107293935     
         185   185.00000000000000        925.56344769127861        11.847400999485501        1.7814286792515102       0.88192770691000877     
         186   186.00000000000000        928.53215658492979        11.840900999487014        1.7820501756492497       0.88427058415132664     
         187   187.00000000000000        931.49491637455287        11.834300999488551        1.7826621987042199       0.88651254331769624     
         188   188.00000000000000        934.45181360914080        11.827900999490041        1.7832648940823119       0.88888370962202179     
         189   189.00000000000000        937.40293376437978        11.821400999491555        1.7838584084647613       0.89115210482831553     
         190   190.00000000000000        940.34836114746622        11.814900999493068        1.7844428757497552       0.89339705794360258     
         191   191.00000000000000        943.28817880726888        11.808500999494557        1.7850184372870659       0.89569354300506543     
         192   192.00000000000000        946.22246844594122        11.802100999496048        1.7855852241923940       0.89796613513816637     
         193   193.00000000000000        949.15131033690568        11.795700999497537        1.7861433695730478       0.90021422349616598     
         194   194.00000000000000        952.07478324673173        11.789400999499005        1.7866930008364432       0.90251488892635678     
         195   195.00000000000000        954.99296436145914        11.783100999500471        1.7872342444370581       0.90479125105163594     
         196   196.00000000000000        957.90592921867790        11.776700999501962        1.7877672242943015       0.90696629399402751     
         197   197.00000000000000        960.81375164378846        11.770500999503405        1.7882920593738154       0.90927199905438572     
         198   198.00000000000000        963.71650369219788        11.764200999504872        1.7888088685850747       0.91147715360510295     
         199   199.00000000000000        966.61425559728127        11.757900999506338        1.7893177698238407       0.91365762609830670     
         200   200.00000000000000        969.50707572372244        11.751700999507783        1.7898188753943443       0.91589203572032762     
         201   201.00000000000000        972.39503052444104        11.745500999509225        1.7903122985369009       0.91810196938560507     
         202   202.00000000000000        975.27818450736368        11.739300999510670        1.7907981463087270       0.92028946994644834     
         203   203.00000000000000        978.15660020418329        11.733200999512089        1.7912765263662598       0.92253067042933135     
         204   204.00000000000000        981.03033814688251        11.727000999513534        1.7917475456884915       0.92467095344939021     
         205   205.00000000000000        983.89945684854911        11.720900999514953        1.7922113066869023       0.92686516834932187     
         206   206.00000000000000        986.76401279195056        11.714800999516374        1.7926679085692931       0.92903733162579538     
         207   207.00000000000000        989.62406042214047        11.708700999517793        1.7931174550196867       0.93118523086715121     
         208   208.00000000000000        992.47965214469218        11.702700999519191        1.7935600388005770       0.93338882052134475     
         209   209.00000000000000        995.33083833108071        11.696600999520612        1.7939957602583934       0.93549078946064812     
         210   210.00000000000000        998.17766732714540        11.690600999522008        1.7944247098156607       0.93764801974112277     
         211   211.00000000000000        1001.0201854700073        11.684600999523406        1.7948469800566764       0.93978304438763360     
         212   212.00000000000000        1003.8584371065288        11.678600999524802        1.7952626626846580       0.94189530082900730     
         213   213.00000000000000        1006.6924646208464        11.672700999526176        1.7956718465478851       0.94406261787536017     
         214   214.00000000000000        1009.5223084630934        11.666700999527572        1.7960746175935820       0.94613026700018266     
         215   215.00000000000000        1012.3480071855562        11.660800999528947        1.7964710644383943       0.94825258855408967     
         216   216.00000000000000        1015.1695974824996        11.654900999530321        1.7968612666759958       0.95035388193463588     
         217   217.00000000000000        1017.9871142344699        11.649100999531671        1.7972453115105649       0.95251016001753519     
         218   218.00000000000000        1020.8005905568828        11.643200999533045        1.7976232781301742       0.95456708273868063     
         219   219.00000000000000        1023.6100578522725        11.637400999534394        1.7979952479414503       0.95667926446549290     
         220   220.00000000000000        1026.4155458664623        11.631500999535769        1.7983612961342412       0.95869285154605366     
         221   221.00000000000000        1029.2170827496411        11.625700999537120        1.7987215039217435       0.96076196088047006     
         222   222.00000000000000        1032.0146951177187        11.620000999538446        1.7990759442475623       0.96288810127825086     
         223   223.00000000000000        1034.8084081209508        11.614200999539797        1.7994246940638103       0.96491459711642469     
         224   224.00000000000000        1037.5982455113688        11.608500999541123        1.7997678261426555       0.96699708035547682     
         225   225.00000000000000        1040.3842297141196        11.602700999542474        1.8001054130230076       0.96898006541225823     
         226   226.00000000000000        1043.1663819036653        11.597000999543802        1.8004375239909400       0.97102061449564914     
         227   227.00000000000000        1045.9447220776715        11.591400999545105        1.8007642299346389       0.97311827428210340     
         228   228.00000000000000        1048.7192691365926        11.585700999546432        1.8010855993540624       0.97511669772562681     
         229   229.00000000000000        1051.4900409617287        11.580100999547737        1.8014017002026910       0.97717250040198766     
         230   230.00000000000000        1054.2570544971868        11.574400999549063        1.8017125992267058       0.97912920755507138     
         231   231.00000000000000        1057.0203258302272        11.568800999550367        1.8020183613771736       0.98114357733044599     
         232   232.00000000000000        1059.7798702750572        11.563200999551672        1.8023190522009953       0.98313739840505110     
         233   233.00000000000000        1062.5357024548857        11.557700999552951        1.8026147332612783       0.98518920937064525     
         234   234.00000000000000        1065.2878363839341        11.552100999554256        1.8029054696906086       0.98714163562725488     
         235   235.00000000000000        1068.0362855542612        11.546600999555537        1.8031913200714018       0.98915296636538941     
         236   236.00000000000000        1070.7810630114554        11.541000999556839        1.8034723474954515       0.99106506431539543     
         237   237.00000000000000        1073.5221814453221        11.535500999558121        1.8037486102821829       0.99303569865382812     
         238   238.00000000000000        1076.2596532633270        11.530100999559378        1.8040201673987823       0.99506507525084020     
         239   239.00000000000000        1078.9934906751159        11.524600999560658        1.8042870775736293       0.99699549483690109     
         240   240.00000000000000        1081.7237057692660        11.519200999561916        1.8045493980661957       0.99898427448277205     
         241   241.00000000000000        1084.4503105914050        11.513700999563197        1.8048071803818861        1.0008762094209713     
         242   242.00000000000000        1087.1733172203585        11.508300999564453        1.8050604864531419        1.0028261322110263     
         243   243.00000000000000        1089.8927378372509        11.502900999565711        1.8053093673194054        1.0047568094423895     
         244   244.00000000000000        1092.6085848022676        11.497500999566968        1.8055538778474083        1.0066670228113741     
         245   245.00000000000000        1095.3208707185636        11.492200999568201        1.8057940698665822        1.0086376501829060     
         246   246.00000000000000        1098.0296085021209        11.486800999569459        1.8060299953224008        1.0105099216002957     
         247   247.00000000000000        1100.7348114401402        11.481500999570693        1.8062617048338736        1.0124428814463429     
         248   248.00000000000000        1103.4364932553081        11.476200999571928        1.8064892525859895        1.0143558762220277     
         249   249.00000000000000        1106.1346681602054        11.470900999573161        1.8067126873345580        1.0162490121379388     
         250   250.00000000000000        1108.8293509107179        11.465600999574395        1.8069320549982508        1.0181243627512775     
         251   251.00000000000000        1111.5205568599085        11.460400999575606        1.8071474077863652        1.0200596765203052     
         252   252.00000000000000        1114.2083019974334        11.455100999576841        1.8073587909972446        1.0218971886039412     
         253   253.00000000000000        1116.8926029985041        11.449900999578050        1.8075662520635365        1.0237955802126326     
         254   254.00000000000000        1119.5734772590140        11.444700999579261        1.8077698386641003        1.0256753709648354     
         255   255.00000000000000        1122.2509429304209        11.439500999580472        1.8079695969452134        1.0275359917898863     
         256   256.00000000000000        1124.9250189549839        11.434300999581684        1.8081655699016592        1.0293788730106863     
         257   257.00000000000000        1127.5957250841202        11.429200999582870        1.8083578048247086        1.0312819149802874     
         258   258.00000000000000        1130.2630819092119        11.424000999584081        1.8085463409757383        1.0330889930979981     
         259   259.00000000000000        1132.9271108713328        11.418900999585269        1.8087312270817544        1.0349558424949321     
         260   260.00000000000000        1135.5878342875194        11.413800999586456        1.8089125020522097        1.0368054229225052     
         261   261.00000000000000        1138.2452753433063        11.408700999587642        1.8090902098051775        1.0386365217303573     
         262   262.00000000000000        1140.8994581119214        11.403600999588830        1.8092643896291909        1.0404505507640813     
         263   263.00000000000000        1143.5504075513963        11.398500999590018        1.8094350838439939        1.0422463192607987     
         264   264.00000000000000        1146.1981494965839        11.393500999591183        1.8096023329881534        1.0441038687262467     
         265   265.00000000000000        1148.8427106562740        11.388400999592371        1.8097661755051724        1.0458647345972416     
         266   266.00000000000000        1151.4841186012800        11.383400999593533        1.8099266517827823        1.0476869745379955     
         267   267.00000000000000        1154.1224017460190        11.378400999594698        1.8100837997864647        1.0494920687121370     
         268   268.00000000000000        1156.7575893283065        11.373400999595862        1.8102376576201904        1.0512800936748488     
         269   269.00000000000000        1159.3897113872390        11.368500999597003        1.8103882627435792        1.0531299314313858     
         270   270.00000000000000        1162.0187987326372        11.363500999598168        1.8105356518799671        1.0548835165422348     
         271   271.00000000000000        1164.6448829152541        11.358600999599307        1.8106798618777946        1.0566991501706726     
         272   272.00000000000000        1167.2679961895483        11.353600999600472        1.8108209284325414        1.0584186851764668     
         273   273.00000000000000        1169.8881714731997        11.348700999601613        1.8109588863962507        1.0602008391840798     
         274   274.00000000000000        1172.5054423092643        11.343800999602754        1.8110937721272484        1.0619659162734238     
         275   275.00000000000000        1175.1198428095377        11.338900999603895        1.8112256187475630        1.0637143440847432     
         276   276.00000000000000        1177.7314076211733        11.334100999605013        1.8113544601860461        1.0655261131117244     
         277   277.00000000000000        1180.3401718540736        11.329200999606153        1.8114803301745048        1.0672415460222620     
         278   278.00000000000000        1182.9461710499309        11.324400999607271        1.8116032626915071        1.0690199133282166     
         279   279.00000000000000        1185.5494410999672        11.319500999608412        1.8117232900824980        1.0707014197437652     
         280   280.00000000000000        1188.1500182022028        11.314700999609530        1.8118404425763350        1.0724473900014366     
         281   281.00000000000000        1190.7479387902022        11.309900999610647        1.8119547542457815        1.0741763454840374     
         282   282.00000000000000        1193.3432394765550        11.305200999611742        1.8120662548504693        1.0759687126794615     
         283   283.00000000000000        1195.9359569728149        11.300400999612858        1.8121749740611468        1.0776658544409916     
         284   284.00000000000000        1198.5261280424602        11.295600999613976        1.8122809452786794        1.0793462409662757     
         285   285.00000000000000        1201.1137894083440        11.290900999615070        1.8123841950725892        1.0810910304864672     
         286   286.00000000000000        1203.6989777030358        11.286200999616165        1.8124847540114923        1.0828199255895834     
         287   287.00000000000000        1206.2817293849694        11.281500999617259        1.8125826526990649        1.0845323607231430     
         288   288.00000000000000        1208.8620806722283        11.276800999618354        1.8126779177063990        1.0862297326181589     
         289   289.00000000000000        1211.4400674670942        11.272100999619449        1.8127705790458999        1.0879107941143948     
         290   290.00000000000000        1214.0157252931058        11.267400999620543        1.8128606631445161        1.0895762732300742     
         291   291.00000000000000        1216.5890892117568        11.262700999621636        1.8129481975311732        1.0912262291650439     
         292   292.00000000000000        1219.1601937582964        11.258100999622707        1.8130332103260149        1.0929403229520087     
         293   293.00000000000000        1221.7290728714943        11.253500999623778        1.8131157277296703        1.0946392049464786     
         294   294.00000000000000        1224.2957598153080        11.248800999624873        1.8131957758033062        1.0962424072237367     
         295   295.00000000000000        1226.8602871227886        11.244200999625944        1.8132733811574910        1.0979274165331312     
         296   296.00000000000000        1229.4226865285600        11.239600999627015        1.8133485688070714        1.0995762225904884     
         297   297.00000000000000        1231.9829888907188        11.235100999628063        1.8134213640997998        1.1012837050960043     
         298   298.00000000000000        1234.5412241372833        11.230500999629134        1.8134917915312874        1.1029121675574842     
         299   299.00000000000000        1237.0974212140791        11.226000999630182        1.8135598764509167        1.1044685714940714     
         300   300.00000000000000        1239.6516080048095        11.221400999631253        1.8136256439169787        1.1061882261805598     
         301   301.00000000000000        1242.2038113013623        11.216900999632299        1.8136891162064557        1.1078461037729948     
         302   302.00000000000000        1244.7540567286851        11.212400999633347        1.8137503178719094        1.1095052937607550     
         303   303.00000000000000        1247.3023687088571        11.207900999634395        1.8138092711048381        1.1110820134603145     
         304   304.00000000000000        1249.8487704148210        11.203400999635443        1.8138659996676920        1.1127170831703281     
         305   305.00000000000000        1252.3932837238826        11.198900999636491        1.8139205271204928        1.1143159044371473     
         306   306.00000000000000        1254.9359291888541        11.194500999637516        1.8139728741577863        1.1159499919946361     
         307   307.00000000000000        1257.4767259856017        11.190000999638563        1.8140230641927737        1.1175626109505274     
         308   308.00000000000000        1260.0156919105866        11.185600999639588        1.8140711186105529        1.1192610291596334     
         309   309.00000000000000        1262.5528433324944        11.181100999640636        1.8141170581967860        1.1207246929170394     
         310   310.00000000000000        1265.0881951803749        11.176700999641660        1.8141609059517980        1.1223510293859840     
         311   311.00000000000000        1267.6217609393279        11.172300999642685        1.8142026811018130        1.1239287676578746     
         312   312.00000000000000        1270.1535526197767        11.167900999643710        1.8142424045098058        1.1255105449820737     
         313   313.00000000000000        1272.6835807684256        11.163600999644711        1.8142800980282250        1.1270638351549873     
         314   314.00000000000000        1275.2118544620171        11.159200999645735        1.8143157813181319        1.1286366066393958     
         315   315.00000000000000        1277.7383813123452        11.154900999646737        1.8143494725715021        1.1312996179860142     
         316   316.00000000000000        1280.2631674733420        11.150500999647759        1.8143811929064120        1.1318596124268976     
         317   317.00000000000000        1282.7862176741473        11.146200999648761        1.8144109629157881        1.1333391237447352     
         318   318.00000000000000        1285.3075352208398        11.141900999649762        1.8144388003947012        1.1349862947669600     
         319   319.00000000000000        1287.8271220315655        11.137600999650763        1.8144647243688794        1.1368210458352546     
         320   320.00000000000000        1290.3449786643614        11.133300999651764        1.8144887550817523        1.1381019900932143     
         321   321.00000000000000        1292.8611043806304        11.129000999652765        1.8145109092720364        1.1395822403983500     
         322   322.00000000000000        1295.3754971539893        11.124700999653767        1.8145312051217426        1.1411610281541760     
         323   323.00000000000000        1297.8881537341076        11.120500999654745        1.8145496624348967        1.1348338765304498     
         324   324.00000000000000        1300.3990697111149        11.116200999655746        1.8145662986990756        1.1442343153961161     
         325   325.00000000000000        1302.9082395639707        11.112000999656724        1.8145811296767478        1.1457209487169748     
         326   326.00000000000000        1305.4156567332830        11.107800999657702        1.8145941759336806        1.1473548839838077     
         327   327.00000000000000        1307.9213136925246        11.103600999658680        1.8146054521884836        1.1488768092013146     
         328   328.00000000000000        1310.4252020077838        11.099400999659657        1.8146149768057656        1.1489651540832628     
         329   329.00000000000000        1312.9273124493775        11.095200999660635        1.8146227671591635        1.1515218967140946     
         330   330.00000000000000        1315.4276350454311        11.091000999661613        1.8146288388327083        1.1535007649990487     
         331   331.00000000000000        1317.9261591836112        11.086900999662568        1.8146332098544340        1.1557221575961780     
         332   332.00000000000000        1320.4228737227677        11.082700999663546        1.8146358955756556        1.1565201598516028     
         333   333.00000000000000        1322.9177670634526        11.078600999664500        1.8146369119360788        1.1582105815945376     
       