           2   2.0000000000000000        137.92323686079698        18.174000998012474       0.16837733465180896        1.9296415812523335     
           3   3.0000000000000000        155.30540255481259        15.030600998744355       0.23458901882780958        1.7458845730744845     
           4   4.0000000000000000        168.00179511405068        13.967300998991924       0.29778126267789246        1.5564573327810598     
           5   5.0000000000000000        178.68180399365326        13.491600999102680       0.35838357223006306        1.3903870410140551     
           6   6.0000000000000000        188.61498633298035        13.255600999157629       0.41599786377543058        1.2518321099098579     
           7   7.0000000000000000        198.26272601185335        13.133500999186056       0.47017609411034783        1.1383574901193001     
           8   8.0000000000000000        207.67125202975836        13.069500999200958       0.52075018722800559        1.0458408648836872     
           9   9.0000000000000000        216.71879893400828        13.036200999208711       0.56785660063039056       0.97006334250412052     
          10   10.000000000000000        225.25872390302771        13.019700999212553       0.61183583061207869       0.90740180359694900     
          11   11.000000000000000        233.19116076270106        13.012600999214206       0.65311597999888871       0.85486715732962160     
          12   12.000000000000000        240.48809316158037        13.011100999214555       0.69212448797402426       0.81020159029041050     
          13   13.000000000000000        247.19038437339154        13.013000999214112       0.72923532708406014       0.77163439681670642     
          14   14.000000000000000        253.39014076436595        13.017400999213089       0.76474481168853581       0.73801493296812826     
          15   15.000000000000000        259.20765438113682        13.023300999211715       0.79886721551003559       0.70829199701741719     
          16   16.000000000000000        264.76892487451158        13.030300999210086       0.83174273959081235       0.68183564525576457     
          17   17.000000000000000        270.18727201583044        13.038000999208291       0.86345242187297166       0.65815614266121558     
          18   18.000000000000000        275.55069925226150        13.046200999206382       0.89403607494760118       0.63696288096429765     
          19   19.000000000000000        280.91534935701884        13.054400999204473       0.92351012006497246       0.61788578214518741     
          20   20.000000000000000        286.30450941422851        13.062400999202611       0.95188303875953539       0.60073534903275294     
          21   21.000000000000000        291.71208865319431        13.070000999200841       0.97916707268693481       0.58533141138096856     
          22   22.000000000000000        297.10923336807883        13.077100999199189        1.0053855179797284       0.57153884587139814     
          23   23.000000000000000        302.45269200215660        13.083500999197698        1.0305758764777961       0.55915524161625507     
          24   24.000000000000000        307.69364291217914        13.089300999196348        1.0547895751669405       0.54811802687654676     
          25   25.000000000000000        312.78589810354896        13.094300999195184        1.0780892973823668       0.53819079235748812     
          26   26.000000000000000        317.69265684311011        13.098600999194183        1.1005449047456535       0.52928712973214265     
          27   27.000000000000000        322.39126924329798        13.102200999193345        1.1222288898238226       0.52126430090931741     
          28   28.000000000000000        326.87575411469697        13.105200999192647        1.1432119869541673       0.51403785424255055     
          29   29.000000000000000        331.15707623193651        13.107700999192064        1.1635594143235160       0.50753320926168144     
          30   30.000000000000000        335.26140995189564        13.109700999191599        1.1833280165215980       0.50163137980705774     
          31   31.000000000000000        339.22678830689995        13.111300999191226        1.2025643966511610       0.49628707370555369     
          32   32.000000000000000        343.09865333467542        13.112600999190922        1.2213041432111389       0.49147259910472318     
          33   33.000000000000000        346.92488268002739        13.113400999190738        1.2395720488469193       0.48700448031491594     
          34   34.000000000000000        350.75087114719554        13.114000999190598        1.2573831960025399       0.48300390821587030     
          35   35.000000000000000        354.61519872856252        13.114300999190528        1.2747447709302395       0.47937656354179775     
          36   36.000000000000000        358.54632601499634        13.114200999190551        1.2916583217463560       0.47603765339051768     
          37   37.000000000000000        362.56063316973177        13.113900999190621        1.3081222028215480       0.47308768500348247     
          38   38.000000000000000        366.66197071557144        13.113300999190761        1.3241339167137032       0.47045913707258125     
          39   39.000000000000000        370.84273100101200        13.112400999190969        1.3396921520635479       0.46814279433944134     
          40   40.000000000000000        375.08629076494253        13.111100999191272        1.3547982443185858       0.46607044484052657     
          41   41.000000000000000        379.37052980510634        13.109600999191622        1.3694570182219992       0.46435554466056483     
          42   42.000000000000000        383.67201009665587        13.107700999192064        1.3836769918602621       0.46286438825637305     
          43   43.000000000000000        387.97031426085596        13.105500999192577        1.3974699459074287       0.46164428783691219     
          44   44.000000000000000        392.25200088388374        13.103000999193158        1.4108500488895865       0.46067785404726891     
          45   45.000000000000000        396.51364370108058        13.100200999193810        1.4238326425188808       0.45994717473420643     
          46   46.000000000000000        400.76348585495725        13.097100999194533        1.4364329221517578       0.45943228641334627     
          47   47.000000000000000        405.02136052516289        13.093700999195324        1.4486646591138423       0.45911385615442485     
          48   48.000000000000000        409.31670184488758        13.090100999196162        1.4605391755603196       0.45903520020498939     
          49   49.000000000000000        413.68468868933269        13.086100999197093        1.4720646793372711       0.45905370261467326     
          50   50.000000000000000        418.16081582364859        13.082000999198048        1.4832461215749368       0.45934606541323780     
          51   51.000000000000000        423.48400598277510        13.077600999199072        1.4940604856000024       0.45976889771995433     
          52   52.000000000000000        428.30120689590791        13.072900999200167        1.5044981963673758       0.46034262150701405     
          53   53.000000000000000        433.14687607822742        13.068000999201308        1.5145893682562821       0.46111942932693456     
          54   54.000000000000000        438.01431339040994        13.062800999202517        1.5243451499933496       0.46202086595916098     
          55   55.000000000000000        442.89738820077963        13.057400999203775        1.5337766526354153       0.46309894590651424     
          56   56.000000000000000        447.79050410887311        13.051800999205080        1.5428950563100448       0.46434046386987365     
          57   57.000000000000000        452.68856537435789        13.045900999206452        1.5517115403138937       0.46566582164019094     
          58   58.000000000000000        457.58694498632218        13.039800999207873        1.5602371977282052       0.46712887952561144     
          59   59.000000000000000        462.48145430992196        13.033600999209316        1.5684829874600572       0.46878131668134410     
          60   60.000000000000000        467.36831424921871        13.027100999210830        1.5764596559129642       0.47047803523336418     
          61   61.000000000000000        472.24412786691164        13.020400999212390        1.5841777069230079       0.47227249419172374     
          62   62.000000000000000        477.10585440344335        13.013600999213974        1.5916473657603485       0.47421870979972797     
          63   63.000000000000000        481.95078463974517        13.006600999215603        1.5988785494996043       0.47623788294452185     
          64   64.000000000000000        486.77651754957265        12.999500999217256        1.6058808534968636       0.47838533493034302     
          65   65.000000000000000        491.58093818910305        12.992200999218955        1.6126635373553762       0.48058210662804096     
          66   66.000000000000000        496.36219677305473        12.984700999220703        1.6192355182859683       0.48281681178706598     
          67   67.000000000000000        501.11868888822789        12.977100999222472        1.6256053677415443       0.48514705084943782     
          68   68.000000000000000        505.84903679692741        12.969500999224241        1.6317813188903016       0.48763028576400003     
          69   69.000000000000000        510.55207178423035        12.961600999226080        1.6377712555715869       0.49005239222762415     
          70   70.000000000000000        515.22681750454819        12.953700999227920        1.6435827329359725       0.49260879939626367     
          71   71.000000000000000        519.87247428445164        12.945700999229782        1.6492229754592280       0.49522229944496154     
          72   72.000000000000000        524.48840434002068        12.937600999231668        1.6546988850689512       0.49788512204847984     
          73   73.000000000000000        529.07411786850878        12.929400999233577        1.6600170583404259       0.50058902111163961     
          74   74.000000000000000        533.62925997533284        12.921100999235509        1.6651837927869164       0.50332529513901914     
          75   75.000000000000000        538.15359839880421        12.912800999237442        1.6702050937869852       0.50615648669244462     
          76   76.000000000000000        542.64701199625063        12.904300999239421        1.6750866889574483       0.50893649977007194     
          77   77.000000000000000        547.10947995641811        12.895900999241377        1.6798340392785649       0.51186829760406227     
          78   78.000000000000000        551.54107170435259        12.887300999243379        1.6844523502499797       0.51473529692891151     
          79   79.000000000000000        555.94193746597830        12.878700999245382        1.6889465812324653       0.51767227120671933     
          80   80.000000000000000        560.31229946094049        12.870100999247384        1.6933214582844642       0.52067385746411665     
          81   81.000000000000000        564.65244369324523        12.861400999249410        1.6975814855640479       0.52366377005730347     
          82   82.000000000000000        568.96271231041430        12.852600999251459        1.7017309582430482       0.52663534019758462     
          83   83.000000000000000        573.24349650292754        12.843900999253485        1.7057739555212525       0.52972869497363284     
          84   84.000000000000000        577.49522991672291        12.835100999255534        1.7097143808322655       0.53279451306398007     
          85   85.000000000000000        581.71838255257796        12.826200999257606        1.7135559394677997       0.53583026791815913     
          86   86.000000000000000        585.91345512719613        12.817400999259656        1.7173021723131554       0.53897383829289502     
          87   87.000000000000000        590.08097387167322        12.808500999261726        1.7209564554721322       0.54207698841201701     
          88   88.000000000000000        594.22148574409732        12.799600999263799        1.7245219957174394       0.54521039308951602     
          89   89.000000000000000        598.33555403383752        12.790600999265894        1.7280018639892398       0.54829697388359988     
          90   90.000000000000000        602.42375433595998        12.781700999267967        1.7313989858581884       0.55147735210150273     
          91   91.000000000000000        606.48667087510125        12.772700999270063        1.7347161503482484       0.55460427066433071     
          92   92.000000000000000        610.52489315897515        12.763800999272135        1.7379560181171534       0.55782024799861407     
          93   93.000000000000000        614.53901294241825        12.754800999274231        1.7411211355872320       0.56097675940697578     
          94   94.000000000000000        618.52962148370113        12.745800999276325        1.7442139282873590       0.56414406564475572     
          95   95.000000000000000        622.49730707563458        12.736900999278397        1.7472367183562005       0.56739190161129516     
          96   96.000000000000000        626.44265283469451        12.727900999280493        1.7501917186373304       0.57057377530615860     
          97   97.000000000000000        630.36623473200689        12.718900999282589        1.7530810553153333       0.57375780802267884     
          98   98.000000000000000        634.26861985100675        12.709900999284685        1.7559067489390296       0.57694425708547348     
          99   99.000000000000000        638.15036485690553        12.701000999286757        1.7586707438111642       0.58020299452097723     
         100   100.00000000000000        642.01201466399857        12.692000999288851        1.7613748934461382       0.58338676318271754     
         101   101.00000000000000        645.85410128740091        12.683000999290947        1.7640209797633071       0.58656573693585767     
         102   102.00000000000000        649.67714286640808        12.674100999293019        1.7666107065129186       0.58981205151591010     
         103   103.00000000000000        653.48164284719019        12.665100999295115        1.7691457036189886       0.59297766014849063     
         104   104.00000000000000        657.26808931333505        12.656200999297187        1.7716275398923447       0.59620822919780792     
         105   105.00000000000000        661.03695445299434        12.647300999299260        1.7740577174194427       0.59942830806467262     
         106   106.00000000000000        664.78869415218389        12.638400999301332        1.7764376790647789       0.60263632026700897     
         107   107.00000000000000        668.52374770414269        12.629500999303403        1.7787688111447979       0.60583084772450779     
         108   108.00000000000000        672.24253762524734        12.620600999305475        1.7810524432929715       0.60901125237421783     
         109   109.00000000000000        675.94546956849888        12.611800999307524        1.7832898533743446       0.61225089611372263     
         110   110.00000000000000        679.63293232582498        12.602900999309597        1.7854822753567001       0.61539915749034901     
         111   111.00000000000000        683.30529791118693        12.594100999311646        1.7876308893263477       0.61860493863953925     
         112   112.00000000000000        686.96292171691016        12.585300999313695        1.7897368400886702       0.62179156754882581     
         113   113.00000000000000        690.60614273560111        12.576500999315744        1.7918012209036385       0.62495903892613169     
         114   114.00000000000000        694.23528384120243        12.567700999317793        1.7938250920428989       0.62810607649200412     
         115   115.00000000000000        697.85065212238965        12.559000999319819        1.7958094727409504       0.63130699840017179     
         116   116.00000000000000        701.45253926234227        12.550300999321843        1.7977553469549368       0.63448614331826203     
         117   117.00000000000000        705.04122195910850        12.541600999323869        1.7996636633766789       0.63764284879123567     
         118   118.00000000000000        708.61696238117088        12.532900999325895        1.8015353405724062       0.64077588948478070     
         119   119.00000000000000        712.18000865309887        12.524200999327920        1.8033712600405147       0.64388578582513056     
         120   120.00000000000000        715.73059536663641        12.515600999329923        1.8051722810924069       0.64704609003534330     
         121   121.00000000000000        719.26894411268006        12.507000999331925        1.8069392293252453       0.65018136073851174     
         122   122.00000000000000        722.79526403012551        12.498400999333928        1.8086729039170979       0.65329167170688918     
         123   123.00000000000000        726.30975236751397        12.489800999335930        1.8103740801626267       0.65637582745345546     
         124   124.00000000000000        729.81259505420132        12.481300999337909        1.8120435078801449       0.65950867331280372     
         125   125.00000000000000        733.30396727749053        12.472800999339889        1.8136819104462536       0.66261532540650914     
         126   126.00000000000000        736.78403406264749        12.464300999341868        1.8152899943340857       0.66569408936652508     
         127   127.00000000000000        740.25295085313053        12.455900999343823        1.8168684369171821       0.66882228506075225     
         128   128.00000000000000        743.71086408822850        12.447400999345803        1.8184179033077292       0.67184519699462464     
         129   129.00000000000000        747.15791177601534        12.439000999347758        1.8199390313138137       0.67491658728360560     
         130   130.00000000000000        750.59422405893179        12.430600999349714        1.8214324436448659       0.67795936089235476     
         131   131.00000000000000        754.01992377059207        12.422300999351647        1.8228987446699081       0.68104937471014881     
         132   132.00000000000000        757.43512698163443        12.413900999353602        1.8243385187005789       0.68403408082955131     
         133   133.00000000000000        760.83994353300432        12.405600999355535        1.8257523363775039       0.68706609882223746     
         134   134.00000000000000        764.23447755562142        12.397400999357444        1.8271407494205287       0.69014568266229315     
         135   135.00000000000000        767.61882797450392        12.389100999359377        1.8285042967537937       0.69311860400216052     
         136   136.00000000000000        770.99308899689322        12.380900999361286        1.8298435022936832       0.69613803871951285     
         137   137.00000000000000        774.35735058285582        12.372700999363195        1.8311588724373926       0.69912728294051629     
         138   138.00000000000000        777.71169889789144        12.364600999365081        1.8324508999671563       0.70216431646248867     
         139   139.00000000000000        781.05621674658653        12.356400999366990        1.8337200702085441       0.70509305250536081     
         140   140.00000000000000        784.39098398694398        12.348300999368876        1.8349668470818701       0.70806948309185369     
         141   141.00000000000000        787.71607792470797        12.340200999370762        1.8361916909271128       0.71101395952370361     
         142   142.00000000000000        791.03157368731524        12.332200999372624        1.8373950399805148       0.71400627476581136     
         143   143.00000000000000        794.33754457769840        12.324100999374510        1.8385773315781424       0.71688980158700055     
         144   144.00000000000000        797.63406240680365        12.316200999376349        1.8397389831451578       0.71989821193287462     
         145   145.00000000000000        800.92119780583084        12.308200999378212        1.8408804073411105       0.72279783269942732     
         146   146.00000000000000        804.19902051758038        12.300200999380074        1.8420020005200746       0.72566724725145237     
         147   147.00000000000000        807.46759966678167        12.292300999381915        1.8431041575871023       0.72858266811908468     
         148   148.00000000000000        810.72700401040072        12.284400999383754        1.8441872538155899       0.73146747178817872     
         149   149.00000000000000        813.97730216739842        12.276600999385570        1.8452516621564048       0.73439940775105694     
         150   150.00000000000000        817.21856282837280        12.268800999387386        1.8462977424610747       0.73730038434460188     
         151   151.00000000000000        820.45085494592161        12.260900999389225        1.8473258464631306       0.74009272698404893     
         152   152.00000000000000        823.67424790518919        12.253200999391018        1.8483363187898765       0.74301062892851166     
         153   153.00000000000000        826.88881167614511        12.245400999392833        1.8493294964471401       0.74581816297055892     
         154   154.00000000000000        830.09461694729964        12.237700999394626        1.8503057029377559       0.74867433433757979     
         155   155.00000000000000        833.29173524142800        12.230000999396420        1.8512652603539488       0.75149909584064933     
         156   156.00000000000000        836.48023901460022        12.222300999398213        1.8522084777427319       0.75429331620580631     
         157   157.00000000000000        839.66020173787388        12.214700999399982        1.8531356623664708       0.75713506001549880     
         158   158.00000000000000        842.83169796365530        12.207100999401751        1.8540471084880703       0.75994614751204947     
         159   159.00000000000000        845.99480337619934        12.199500999403520        1.8549431072851879       0.76272646707425318     
         160   160.00000000000000        849.14959482761083        12.192000999405266        1.8558239402634367       0.76555534012283200     
         161   161.00000000000000        852.29615035994721        12.184400999407037        1.8566898849491631       0.76827459135054144     
         162   162.00000000000000        855.43454921376235        12.176900999408783        1.8575412129398829       0.77104167717029937     
         163   163.00000000000000        858.56487182392925        12.169500999410506        1.8583781828749590       0.77385809322072574     
         164   164.00000000000000        861.68719980428637        12.162000999412252        1.8592010578960458       0.77656462459202669     
         165   165.00000000000000        864.80161592017009        12.154600999413974        1.8600100845419447       0.77932048759200478     
         166   166.00000000000000        867.90820405096622        12.147200999415698        1.8608055127473651       0.78204536621103427     
         167   167.00000000000000        871.00704914340395        12.139800999417421        1.8615875790721617       0.78474092157242048     
         168   168.00000000000000        874.09823715454661        12.132500999419120        1.8623565201957162       0.78748534313401264     
         169   169.00000000000000        877.18185498811317        12.125200999420819        1.8631125645034765       0.79019983132238325     
         170   170.00000000000000        880.25799042188419        12.117900999422520        1.8638559370438879       0.79288404327731177     
         171   171.00000000000000        883.32673202928879        12.110600999424220        1.8645868561208745       0.79553865053528550     
         172   172.00000000000000        886.38816909385764        12.103400999425896        1.8653055337213300       0.79824379572111814     
         173   173.00000000000000        889.44239151921977        12.096200999427571        1.8660121814939681       0.80091877242150011     
         174   174.00000000000000        892.48948973370602        12.089000999429249        1.8667070050309407       0.80356359923056064     
         175   175.00000000000000        895.52955459046450        12.081800999430925        1.8673901988925268       0.80618033677252199     
         176   176.00000000000000        898.56267726526653        12.074700999432578        1.8680619646459722       0.80884663360130260     
         177   177.00000000000000        901.58894915042447        12.067600999434232        1.8687224888864009       0.81148432206349297     
         178   178.00000000000000        904.60846174632979        12.060500999435884        1.8693719630955774       0.81409137943157583     
         179   179.00000000000000        907.62130655284057        12.053400999437537        1.8700105642035858       0.81667125007648067     
         180   180.00000000000000        910.62757495755272        12.046400999439168        1.8706384750462959       0.81930114820673461     
         181   181.00000000000000        913.62735812498147        12.039400999440797        1.8712558690758745       0.82190268317545334     
         182   182.00000000000000        916.62074688530606        12.032400999442427        1.8718629195065200       0.82447454379708296     
         183   183.00000000000000        919.60783162360167        12.025500999444033        1.8724597877723888       0.82709955922248646     
         184   184.00000000000000        922.58870216994308        12.018500999445664        1.8730466450301415       0.82961431429454080     
         185   185.00000000000000        925.56344769127861        12.011600999447269        1.8736236460470461       0.83218176703934454     
         186   186.00000000000000        928.53215658492979        12.004800999448854        1.8741909496115032       0.83480074668424153     
         187   187.00000000000000        931.49491637455287        11.997900999450460        1.8747487071415601       0.83731232789126553     
         188   188.00000000000000        934.45181360914080        11.991100999452042        1.8752970730915481       0.83987499238996399     
         189   189.00000000000000        937.40293376437978        11.984300999453627        1.8758361910470409       0.84240996463623996     
         190   190.00000000000000        940.34836114746622        11.977500999455209        1.8763662050927017       0.84491731139184678     
         191   191.00000000000000        943.28817880726888        11.970700999456792        1.8768872558330110       0.84739711807608653     
         192   192.00000000000000        946.22246844594122        11.964000999458353        1.8773994813955388       0.84992995928533155     
         193   193.00000000000000        949.15131033690568        11.957300999459912        1.8779030191128927       0.85243413024630710     
         194   194.00000000000000        952.07478324673173        11.950600999461473        1.8783979966228250       0.85491245539013505     
         195   195.00000000000000        954.99296436145914        11.943900999463033        1.8788845470659805       0.85736296062874928     
         196   196.00000000000000        957.90592921867790        11.937300999464568        1.8793627974911808       0.85986643021940568     
         197   197.00000000000000        960.81375164378846        11.930700999466106        1.8798328709719849       0.86234302365594573     
         198   198.00000000000000        963.71650369219788        11.924100999467642        1.8802948880494057       0.86479284586422012     
         199   199.00000000000000        966.61425559728127        11.917500999469180        1.8807489699768645       0.86721596992115357     
         200   200.00000000000000        969.50707572372244        11.910900999470716        1.8811952319864924       0.86961250787201738     
         201   201.00000000000000        972.39503052444104        11.904400999472228        1.8816337897194304       0.87206345343377201     
         202   202.00000000000000        975.27818450736368        11.897900999473743        1.8820647573276093       0.87448740295778282     
         203   203.00000000000000        978.15660020418329        11.891400999475255        1.8824882423654903       0.87688512110995032     
         204   204.00000000000000        981.03033814688251        11.885000999476746        1.8829043529484097       0.87933777419496784     
         205   205.00000000000000        983.89945684854911        11.878500999478259        1.8833131958841889       0.88168340279494795     
         206   206.00000000000000        986.76401279195056        11.872100999479750        1.8837148768755283       0.88408355713629927     
         207   207.00000000000000        989.62406042214047        11.865700999481239        1.8841094947312940       0.88645798447029145     
         208   208.00000000000000        992.47965214469218        11.859400999482707        1.8844971508282098       0.88888800329394813     
         209   209.00000000000000        995.33083833108071        11.853000999484196        1.8848779435565037       0.89121064346566592     
         210   210.00000000000000        998.17766732714540        11.846700999485664        1.8852519680569810       0.89358985085310527     
         211   211.00000000000000        1001.0201854700073        11.840400999487130        1.8856193207339071       0.89594247601116894     
         212   212.00000000000000        1003.8584371065288        11.834100999488598        1.8859800923192060       0.89827067001465355     
         213   213.00000000000000        1006.6924646208464        11.827900999490041        1.8863343754548063       0.90065460092137073     
         214   214.00000000000000        1009.5223084630934        11.821600999491508        1.8866822581616243       0.90293225335486749     
         215   215.00000000000000        1012.3480071855562        11.815400999492951        1.8870238286833001       0.90526663513360361     
         216   216.00000000000000        1015.1695974824996        11.809200999494395        1.8873591748291987       0.90757575008332381     
         217   217.00000000000000        1017.9871142344699        11.803000999495838        1.8876883793927064       0.90985971098394769     
         218   218.00000000000000        1020.8005905568828        11.796900999497259        1.8880115265226562       0.91220094113067252     
         219   219.00000000000000        1023.6100578522725        11.790800999498678        1.8883286973774323       0.91451800645034897     
         220   220.00000000000000        1026.4155458664623        11.784700999500100        1.8886399734121599       0.91681034294883634     
         221   221.00000000000000        1029.2170827496411        11.778600999501519        1.8889454325464732       0.91907806740733655     
         222   222.00000000000000        1032.0146951177187        11.772500999502940        1.8892451523686200       0.92132198741885230     
         223   223.00000000000000        1034.8084081209508        11.766400999504359        1.8895392085685663       0.92354221265827519     
         224   224.00000000000000        1037.5982455113688        11.760400999505757        1.8898276777170342       0.92582004414474206     
         225   225.00000000000000        1040.3842297141196        11.754400999507153        1.8901106341346756       0.92807313269762060     
         226   226.00000000000000        1043.1663819036653        11.748400999508551        1.8903881478556595       0.93030365175444929     
         227   227.00000000000000        1045.9447220776715        11.742500999509925        1.8906602923862499       0.93259163103224607     
         228   228.00000000000000        1048.7192691365926        11.736500999511321        1.8909271377646970       0.93477399717216725     
         229   229.00000000000000        1051.4900409617287        11.730600999512696        1.8911887507777940       0.93701550979358861     
         230   230.00000000000000        1054.2570544971868        11.724700999514068        1.8914452000051758       0.93923433133272982     
         231   231.00000000000000        1057.0203258302272        11.718800999515443        1.8916965552455725       0.94142853254407732     
         232   232.00000000000000        1059.7798702750572        11.712900999516815        1.8919428802050375       0.94360029855859140     
         233   233.00000000000000        1062.5357024548857        11.707100999518167        1.8921842371807023       0.94583191508397912     
         234   234.00000000000000        1065.2878363839341        11.701300999519518        1.8924206950116051       0.94803935657704586     
         235   235.00000000000000        1068.0362855542612        11.695500999520867        1.8926523121085639       0.95022479512121760     
         236   236.00000000000000        1070.7810630114554        11.689700999522218        1.8928791504237350       0.95238836836105523     
         237   237.00000000000000        1073.5221814453221        11.683900999523569        1.8931012745130107       0.95452813734315300     
         238   238.00000000000000        1076.2596532633270        11.678100999524919        1.8933187403829523       0.95664628663895479     
         239   239.00000000000000        1078.9934906751159        11.672400999526246        1.8935316091207470       0.95882394392833548     
         240   240.00000000000000        1081.7237057692660        11.666700999527572        1.8937399365327661       0.96098030682763835     
         241   241.00000000000000        1084.4503105914050        11.661000999528900        1.8939437826101453       0.96311343217279444     
         242   242.00000000000000        1087.1733172203585        11.655300999530228        1.8941432007034245       0.96522550610727453     
         243   243.00000000000000        1089.8927378372509        11.649700999531531        1.8943382488308222       0.96739779206297749     
         244   244.00000000000000        1092.6085848022676        11.644000999532858        1.8945289800749443       0.96946612977252744     
         245   245.00000000000000        1095.3208707185636        11.638400999534163        1.8947154483148667       0.97159499188162990     
         246   246.00000000000000        1098.0296085021209        11.632800999535466        1.8948977068233994       0.97370268738497545     
         247   247.00000000000000        1100.7348114401402        11.627200999536770        1.8950758082569734       0.97578865099069667     
         248   248.00000000000000        1103.4364932553081        11.621700999538051        1.8952498030821447       0.97793635953258073     
         249   249.00000000000000        1106.1346681602054        11.616100999539354        1.8954197427966581       0.97997997250308477     
         250   250.00000000000000        1108.8293509107179        11.610600999540635        1.8955856775552811       0.98208495035944066     
         251   251.00000000000000        1111.5205568599085        11.605100999541916        1.8957476566844300       0.98416876882396076     
         252   252.00000000000000        1114.2083019974334        11.599600999543195        1.8959057256139433       0.98623291746712183     
         253   253.00000000000000        1116.8926029985041        11.594100999544477        1.8960599369237727       0.98827478324372553     
         254   254.00000000000000        1119.5734772590140        11.588700999545734        1.8962103352703457       0.99037936771424873     
         255   255.00000000000000        1122.2509429304209        11.583200999547014        1.8963569653946548       0.99238117981536622     
         256   256.00000000000000        1124.9250189549839        11.577800999548272        1.8964998764156655       0.99444464211836991     
         257   257.00000000000000        1127.5957250841202        11.572400999549529        1.8966391114924537       0.99648775288272851     
         258   258.00000000000000        1130.2630819092119        11.567000999550785        1.8967747156122667       0.99851061767512017     
         259   259.00000000000000        1132.9271108713328        11.561600999552043        1.8969067327048021        1.0005133746197901     
         260   260.00000000000000        1135.5878342875194        11.556300999553278        1.8970352036211668        1.0025798124298364     
         261   261.00000000000000        1138.2452753433063        11.550900999554536        1.8971601752685334        1.0045420261995461     
         262   262.00000000000000        1140.8994581119214        11.545600999555768        1.8972816863440300        1.0065682332971306     
         263   263.00000000000000        1143.5504075513963        11.540300999557003        1.8973997792242119        1.0085741658234642     
         264   264.00000000000000        1146.1981494965839        11.535000999558237        1.8975144940649096        1.0105606363444708     
         265   265.00000000000000        1148.8427106562740        11.529700999559470        1.8976258721384889        1.0125274182021329     
         266   266.00000000000000        1151.4841186012800        11.524500999560681        1.8977339521648435        1.0145581296729476     
         267   267.00000000000000        1154.1224017460190        11.519200999561916        1.8978387735951605        1.0164855706233447     
         268   268.00000000000000        1156.7575893283065        11.514000999563127        1.8979403744045240        1.0184779107869792     
         269   269.00000000000000        1159.3897113872390        11.508800999564336        1.8980387922213626        1.0204507321260756     
         270   270.00000000000000        1162.0187987326372        11.503600999565547        1.8981340658221277        1.0224041585728412     
         271   271.00000000000000        1164.6448829152541        11.498400999566758        1.8982262312599198        1.0243382926267155     
         272   272.00000000000000        1167.2679961895483        11.493300999567946        1.8983153240266393        1.0263379278013494     
         273   273.00000000000000        1169.8881714731997        11.488100999569157        1.8984013812743159        1.0282341927724727     
         274   274.00000000000000        1172.5054423092643        11.483000999570343        1.8984844382219337        1.0301955383372312     
         275   275.00000000000000        1175.1198428095377        11.477900999571531        1.8985645281072021        1.0321384349532305     
         276   276.00000000000000        1177.7314076211733        11.472800999572719        1.8986416867108744        1.0340626337015886     
         277   277.00000000000000        1180.3401718540736        11.467700999573907        1.8987159480366878        1.0359679064528584     
         278   278.00000000000000        1182.9461710499309        11.462700999575070        1.8987873439568912        1.0379384889981595     
         279   279.00000000000000        1185.5494410999672        11.457600999576258        1.8988559077614926        1.0398076097249100     
         280   280.00000000000000        1188.1500182022028        11.452600999577422        1.8989216722003890        1.0417416027099633     
         281   281.00000000000000        1190.7479387902022        11.447500999578610        1.8989846699257711        1.0435739237565027     
         282   282.00000000000000        1193.3432394765550        11.442500999579774        1.8990449312330768        1.0454716764374117     
         283   283.00000000000000        1195.9359569728149        11.437600999580914        1.8991024877569875        1.0474346283482872     
         284   284.00000000000000        1198.5261280424602        11.432600999582078        1.8991573699370146        1.0492963241327151     
         285   285.00000000000000        1201.1137894083440        11.427600999583243        1.8992096081250509        1.0511396870243424     
         286   286.00000000000000        1203.6989777030358        11.422700999584384        1.8992592300417299        1.0530529839458944     
         287   287.00000000000000        1206.2817293849694        11.417700999585549        1.8993062671657619        1.0548582293914932     
         288   288.00000000000000        1208.8620806722283        11.412800999586688        1.8993507484854315        1.0567353994826023     
         289   289.00000000000000        1211.4400674670942        11.407900999587829        1.8993927018303214        1.0585166728766446     
         290   290.00000000000000        1214.0157252931058        11.403000999588970        1.8994321548769384        1.0604284243933555     
         291   291.00000000000000        1216.5890892117568        11.398200999590088        1.8994691350725794        1.0623023563319340     
         292   292.00000000000000        1219.1601937582964        11.393300999591229        1.8995036710788844        1.0641495147648243     
         293   293.00000000000000        1221.7290728714943        11.388500999592347        1.8995357874248597        1.0660021736468952     
         294   294.00000000000000        1224.2957598153080        11.383600999593487        1.8995655141819243        1.0677755552664663     
         295   295.00000000000000        1226.8602871227886        11.378800999594604        1.8995928745810278        1.0696116215348592     
         296   296.00000000000000        1229.4226865285600        11.374000999595722        1.8996178952749425        1.0714804775852405     
         297   297.00000000000000        1231.9829888907188        11.369200999596840        1.8996406015474034        1.0708150794036755     
         298   298.00000000000000        1234.5412241372833        11.364500999597935        1.8996610185430753        1.0751433843957197     
         299   299.00000000000000        1237.0974212140791        11.359700999599053        1.8996791713907912        1.0769087562099708     
         300   300.00000000000000        1239.6516080048095        11.355000999600147        1.8996950844822114        1.0787157759177988     
         301   301.00000000000000        1242.2038113013623        11.350200999601263        1.8997087811132800        1.0804576164057953     
         302   302.00000000000000        1244.7540567286851        11.345500999602358        1.8997202854179416        1.0822829892623627     
         303   303.00000000000000        1247.3023687088571        11.340800999603452        1.8997296200873051        1.0840359453431914     
         304   304.00000000000000        1249.8487704148210        11.336100999604547        1.8997368095164586        1.0858438057548581     
         305   305.00000000000000        1252.3932837238826        11.331400999605641        1.8997418765251006        1.0874851612024468     
         306   306.00000000000000        1254.9359291888541        11.326800999606712        1.8997448423871499        1.0896037346908620     
         307   307.00000000000000        1257.4767259856017        11.322100999607807        1.8997457303100500        1.0909399049929873     
         308   308.00000000000000        1260.0156919105866        11.317500999608878        1.8997445614299708        1.0928922930096256     
         309   309.00000000000000        1262.5528433324944        11.312900999609948        1.8997413581964142        1.0947149181847153     
         310   310.00000000000000        1265.0881951803749        11.308300999611019        1.8997361408995439        1.0964174242274725     
         311   311.00000000000000        1267.6217609393279        11.303700999612090        1.8997289308253631        1.0984106183802029     
         312   312.00000000000000        1270.1535526197767        11.299100999613161        1.8997197494026561        1.0999476857119295     
         313   313.00000000000000        1272.6835807684256        11.294500999614232        1.8997086161105579        1.1016341741568494     
         314   314.00000000000000        1275.2118544620171        11.289900999615304        1.8996955524982451        1.1032971349021092     
         315   315.00000000000000        1277.7383813123452        11.285400999616352        1.8996805760766471        1.1054061509976354     
         316   316.00000000000000        1280.2631674733420        11.280900999617399        1.8996637101590859        1.1066867133829408     
         317   317.00000000000000        1282.7862176741473        11.276300999618471        1.8996449721371558        1.1086295325078532     
         318   318.00000000000000        1285.3075352208398        11.271800999619519        1.8996243805073996        1.1102471761745041     
         319   319.00000000000000        1287.8271220315655        11.267300999620566        1.8996019565880842        1.1120007712176256     
         320   320.00000000000000        1290.3449786643614        11.262900999621589        1.8995777179700482        1.1137925472771184     
         321   321.00000000000000        1292.8611043806304        11.258400999622637        1.8995516821260088        1.1153955961154205     
         322   322.00000000000000        1295.3754971539893        11.253900999623685        1.8995238687170015        1.1169630759956883     
         323   323.00000000000000        1297.8881537341076        11.249500999624710        1.8994942963182333        1.1187729473152193     
         324   324.00000000000000        1300.3990697111149        11.245100999625734        1.8994629816005855        1.1203862512879827     
         325   325.00000000000000        1302.9082395639707        11.240600999626782        1.8994299418314819        1.1227067694121686     
         326   326.00000000000000        1305.4156567332830        11.236200999627806        1.8993951966708100        1.1247348945779638     
         327   327.00000000000000        1307.9213136925246        11.231800999628831        1.8993587623668733        1.1256410068973248     
         328   328.00000000000000        1310.4252020077838        11.227500999629832        1.8993206550483859        1.1271116074225929     
         329   329.00000000000000        1312.9273124493775        11.223100999630857        1.8992808926055738        1.1288751265831278     
         330   330.00000000000000        1315.4276350454311        11.218700999631881        1.8992394918260718        1.1306351123885552     
         331   331.00000000000000        1317.9261591836112        11.214400999632883        1.8991964684531160        1.1319859280076197     
         332   332.00000000000000        1320.4228737227677        11.210000999633907        1.8991518400556984        1.1339025366618158     
         333   333.00000000000000        1322.9177670634526        11.205700999634908        1.8991056216421189        1.1359448665617546     
         334   334.00000000000000        1325.4108272575540        11.201400999635910        1.8990578300367442        1.1365282827135101     
         335   335.00000000000000        1327.9020421187161        11.197100999636911        1.8990084802530209        1.1388225188596404     
         336   336.00000000000000        1330.3913993326132        11.192800999637912        1.8989575883997596        1.1254705708275881     
         337   337.00000000000000        1332.8788865548267        11.188500999638913        1.8989051699826205        1.1412015530679207     
         338   338.00000000000000        1335.3644915395707        11.184300999639891        1.8988512403968376        1.1436936750990372     
         339   339.00000000000000        1337.8482022343669        11.180000999640892        1.8987958153697073        1.1453266910093156     
         340   340.00000000000000        1340.3300069137767        11.175800999641870        1.8987389089878191        1.1463453844259324     
         341   341.00000000000000        1342.8098942990764        11.171600999642848        1.8986805374287024        1.1491790190844149     
         342   342.00000000000000        1345.2878536392527        11.167300999643849        1.8986207136503241        1.1499747397337434     
         343   343.00000000000000        1347.7638748824538        11.163100999644827        1.8985594527990939        1.1516612153327284     
         344   344.00000000000000        1350.2379487801518        11.158900999645805        1.8984967701863462        1.1532777511949228     
         345   345.00000000000000        1352.7100669412466        11.154800999646760        1.8984326790384711        1.1545321456059474     
         346   346.00000000000000        1355.1802220487734        11.150600999647738        1.8983671941103879        1.1561178229108433     
         347   347.00000000000000        1357.6484078989597        11.146400999648716        1.8983003287448528        1.1582438120222467     
         348   348.00000000000000        1360.1146195305628        11.142300999649670        1.8982320977108214        1.1551012357405248     
         349   349.00000000000000        1362.5788533592422        11.138100999650648        1.8981625147077739        1.1586769328590250     
         350   350.00000000000000        1365.0411072428687        11.134000999651603        1.8980915913170646        1.1631070777169563     
         351   351.00000000000000        1367.5013806112111        11.129900999652557        1.8980193442002746        1.1644776240279509     
         352   352.00000000000000        1369.9596745271701        11.125800999653512        1.8979457846628662        1.1656932895901166     
         353   353.00000000000000        1372.4159918420482        11.121700999654466        1.8978709246545400        1.1673349855987669     
         354   354.00000000000000        1374.8703371982556        11.117600999655421        1.8977947804583246        1.1694776799382345     
         355   355.00000000000000        1377.3227171637118        11.113500999656376        1.8977173621638801        1.1736465645149576     
         356   356.00000000000000        1379.7731402788777        11.109400999657330        1.8976386853740863        1.1721915731618915     
         357   357.00000000000000        1382.2216171365581        11.105400999658261        1.8975587589700498        1.1732716057151735     
         358   358.00000000000000        1384.6681604107143        11.101300999659216        1.8974775984127716        1.1763772065973668     
         359   359.00000000000000        1387.1127849244513        11.097300999660147        1.8973952155710976        1.1781385741294710     
         360   360.00000000000000        1389.5555076745222        11.093300999661079        1.8973116222939788        1.1781838570513807     
         361   361.00000000000000        1391.9963478521095        11.089300999662010        1.8972268302240016        1.1803343031196851     
         362   362.00000000000000        1394.4353268714622        11.085300999662941        1.8971408518909818        1.1815593487687013     
         363   363.00000000000000        1396.8724683703040        11.081300999663872        1.8970537000913219                            NaN
         364   364.00000000000000        1399.3077981983661        11.077300999664804        1.8969653848926507        1.1862422115587574     
         365   365.00000000000000        1401.7413443837431        11.073300999665735        1.8968759191668680        1.1852738026464269     
         366   366.00000000000000        1404.1731371092028        11.069400999666643        1.8967853144738462        1.1859319532425707     
         367   367.00000000000000        1406.6032087068306        11.065400999667574        1.8966935809456147        1.1891899484081139     
         368   368.00000000000000        1409.0315934903338        11.061500999668482        1.8966007307322950        1.1878915244826351     
         369   369.00000000000000        1411.4583277991042        11.057500999669413        1.8965067759304735        1.1938797379341970     
         370   370.00000000000000        1413.8834498713841        11.053600999670321        1.8964117272276666        1.1925919895416399     
         371   371.00000000000000        1416.3069996705744        11.049700999671229        1.8963155925771860        1.1956206363785458     
         372   372.00000000000000        1418.7290188433253        11.045800999672137        1.8962183876769871        1.1993694248210502     
         373   373.00000000000000        1421.1495506084757        11.041900999673045        1.8961201187187278        1.1981250748093348     
         374   374.00000000000000        1423.5686394929653        11.038000999673953        1.8960207991938642        1.1967742816465077     
         375   375.00000000000000        1425.9863312956877        11.034200999674839        1.8959204388424884        1.2009081520309801     
         376   376.00000000000000        1428.4026728274766        11.030300999675747        1.8958190476798922        1.2021104442879900     
         377   377.00000000000000        1430.8177117657615        11.026400999676655        1.8957166356130215        1.2027444143695716     
         378   378.00000000000000        1433.2314963690005        11.022600999677540        1.8956132130739876        1.2048108733861729     
         379   379.00000000000000        1435.6440753223142        11.018800999678424        1.8955087896065441        1.2058626639307461     
         380   380.00000000000000        1438.0554975001141        11.014900999679332        1.8954033755786928        1.2100633700031209     
         381   381.00000000000000        1440.4658116688952        11.011100999680217        1.8952969817567396        1.2095844167304979     
         382   382.00000000000000        1442.8750662130769        11.007300999681101        1.8951896148166480        1.1816338889015063     
         383   383.00000000000000        1445.2833089405904        11.003500999681986        1.8950812865971638        1.2125488816729497     
         384   384.00000000000000        1447.6905866548186        10.999700999682871        1.8949720068758573        1.2134727152605302     
         385   385.00000000000000        1450.0969449740369        10.996000999683732        1.8948617837509927        1.2161621295652909     
         386   386.00000000000000        1452.5024280103389        10.992200999684616        1.8947506243812213        1.1997163865265192     
         387   387.00000000000000        1454.9070778847672        10.988400999685503        1.8946385419402219        1.2174918376378436     
         388   388.00000000000000        1457.3109346196288        10.984700999686364        1.8945255436173467        1.2246428125567750     
         389   389.00000000000000        1459.7140356577002        10.980900999687249        1.8944116381722678        1.2218890632899106     
         390   390.00000000000000        1462.1164156190353        10.977200999688110        1.8942968330125207        1.2231304647230257     
         391   391.00000000000000        1464.5181058133021        10.973500999688971        1.8941811384723917        1.2252210752417161     
         392   392.00000000000000        1466.9191340175457        10.969800999689832        1.8940645626441848        1.2267313119390320     
         393   393.00000000000000        1469.3195241243811        10.966100999690694        1.8939471131150882        1.2288866132353418     
         394   394.00000000000000        1471.7192957373336        10.962400999691555        1.8938287993706027        1.2287678228754821     
         395   395.00000000000000        1474.1184638871346        10.958700999692416        1.8937096287915300        1.2305843384317725     
         396   396.00000000000000        1476.5170386622194        10.955000999693279        1.8935896093103020        1.2314617764197711     
         397   397.00000000000000        1478.9150249990635        10.951400999694117        1.8934687500342984        1.2286742620605042     
         398   398.00000000000000        1481.3124222357292        10.947700999694979        1.8933470578463782        1.2342601020642929     
         399   399.00000000000000        1483.7092239947524        10.944000999695840        1.8932245400090570        1.2388265190407830     
         400   400.00000000000000        1486.1054177202750        10.940400999696678        1.8931012048000651        1.2373081610141794     
         401   401.00000000000000        1488.5009846878238        10.936800999697516        1.8929770607472161        1.2398279475479053     
         402   402.00000000000000        1490.8958996175788        10.933200999698354        1.8928521148855670        1.2415277301468299     
         403   403.00000000000000        1493.2901306531858        10.929500999699215        1.8927263735934670        1.2412559030456620     
         404   404.00000000000000        1495.6836391033139        10.925900999700055        1.8925998456981143        1.2446405875532744     
         405   405.00000000000000        1498.0763795117382        10.922300999700893        1.8924725377062375        1.2475208187372984     
         406   406.00000000000000        1500.4682995420881        10.918700999701731        1.8923444578437187        1.2469363537299472     
         407   407.00000000000000        1502.8593399969395        10.915200999702545        1.8922156099327283        1.2478995063702947     
         408   408.00000000000000        1505.2494349740446        10.911600999703383        1.8920860048029136        1.2500288296464652     
         409   409.00000000000000        1507.6385120362975        10.908000999704221        1.8919556473235672        1.2448789464251018     
         410   410.00000000000000        1510.0264924129006        10.904500999705036        1.8918245453546081        1.2525255255831655     
         411   411.00000000000000        1512.4132913697977        10.900900999705875        1.8916927049807610        1.2555272101134729     
         412   412.00000000000000        1514.7988186450675        10.897400999706690        1.8915601329200926        1.2534002555889243     
         413   413.00000000000000        1517.1829789385665        10.893900999707505        1.8914268378250794        1.2536182923602435     
         414   414.00000000000000        1519.5656725736335        10.890300999708343        1.8912928241983014        1.2503707932996324     
         415   415.00000000000000        1521.9467962190975        10.886800999709157        1.8911580986956347        1.2580083655561380     
         416   416.00000000000000        1524.3262438841630        10.883300999709972        1.8910226682256766        1.2607831120844504     
         417   417.00000000000000        1526.7039078259841        10.879800999710788        1.8908865411553963        1.2617562576092984     
         418   418.00000000000000        1529.0796797361691        10.876300999711603        1.8907497207481609        1.2541253633890399     
         419   419.00000000000000        1531.4534521792084        10.872900999712394        1.8906122162380210        1.2397121850855781     
         420   420.00000000000000        1533.8251200849190        10.869400999713209        1.8904740324686151        1.2672101820559509     
         421   421.00000000000000        1536.1945822453126        10.865900999714023        1.8903351758167746        1.2509668708778729     
         422   422.00000000000000        1538.5617436361499        10.862500999714815        1.8901956514318115        1.2659870002744598     
         423   423.00000000000000        1540.9265169855207        10.859000999715631        1.8900554702707335        1.2703946011924976     
         424   424.00000000000000        1543.2888256078586        10.855600999716422        1.8899146329693763        1.2931958895183213     
         425   425.00000000000000        1545.6486057229340        10.852200999717214        1.8897731487503198        1.2740660695967070     
         426   426.00000000000000        1548.0058092591353        10.848700999718028        1.8896310219390049        1.2741991872743998     
         427   427.00000000000000        1550.3604072402231        10.845300999718820        1.8894882612785546        1.2713271794909189     
         428   428.00000000000000        1552.7123928368092        10.841900999719611        1.8893448713013479        1.2768199549094896     
         429   429.00000000000000        1555.0617854185402        10.838500999720404        1.8892008590691727        1.2877223383575922     
         430   430.00000000000000        1557.4086341583170        10.835100999721195        1.8890562303129745        1.2791444321754468     
         431   431.00000000000000        1559.7530230781995        10.831700999721987        1.8889109907451187        1.2811083374369823     
         432   432.00000000000000        1562.0950749996118        10.828400999722755        1.8887651455713028        1.2821531476742556     
         433   433.00000000000000        1564.4349575159140        10.825000999723546        1.8886187021207301        1.2822762967793009     
         434   434.00000000000000        1566.7728877211921        10.821600999724339        1.8884716668788692        1.2854787209945648     
         435   435.00000000000000        1569.1091389656067        10.818300999725107        1.8883240451440553        1.2833007233226073     
         436   436.00000000000000        1571.4440466286615        10.814900999725898        1.8881758445875538        1.2873265303786192     
         437   437.00000000000000        1573.7780155544169        10.811600999726666        1.8880270682914098        1.2882383033965472     
         438   438.00000000000000        1576.1115271993913        10.808300999727434        1.8878777239271611        1.2907745846039931     
         439   439.00000000000000        1578.4451475813985        10.804900999728227        1.8877278179053001        1.2908085270809608     
         440   440.00000000000000        1580.7795360255986        10.801600999728995        1.8875773544986256        1.2928844222281859     
         441   441.00000000000000        1583.1154539110139        10.798300999729763        1.8874263422728292        1.2958282158068675     
         442   442.00000000000000        1585.4537747353315        10.795000999730531        1.8872747848752340        1.2964067990601185     
         443   443.00000000000000        1587.7954942826182        10.791700999731299        1.8871226892260757        1.2801101797692023     
         444   444.00000000000000        1590.1417417684570        10.788400999732069        1.8869700610322673        1.2974691589244201     
         445   445.00000000000000        1592.4937915736809        10.785200999732814        1.8868169061264775        1.2987386636471019     
         446   446.00000000000000        1594.8530756384134        10.781900999733582        1.8866632298096426        1.2981656697101307     
         447   447.00000000000000        1597.2211970183998        10.778600999734349        1.8865090369040525        1.2982840861982776     
         448   448.00000000000000        1599.5999437300488        10.775400999735094        1.8863543357743269        1.2928013167283916     
         449   449.00000000000000        1601.9913038322702        10.772100999735864        1.8861991295977547        1.3049907105525176     
         450   450.00000000000000        1604.3974814098328        10.768900999736609        1.8860434249274045        1.3051124166020001     
         451   451.00000000000000        1606.8209130922332        10.765600999737376        1.8858872255433690        1.3083983508935051     
         452   452.00000000000000        1609.2642859648913        10.762400999738121        1.8857305388218670        1.2992961895379778     
         453   453.00000000000000        1611.7305565830320        10.759200999738868        1.8855733683469427        1.3041320042900346     
         454   454.00000000000000        1614.2229704353958        10.756000999739612        1.8854157209217994        1.3124453518616044     
         455   455.00000000000000        1616.7450833022594        10.752800999740357        1.8852575975699788        1.2909121247084949     
         456   456.00000000000000        1619.3007830306888        10.749600999741102        1.8850990068459932        1.3135705010297520     
         457   457.00000000000000        1621.8943132972345        10.746400999741848        1.8849399514670004        1.3133392969269275     
         458   458.00000000000000        1624.5302977832034        10.743200999742593        1.8847804363944394        1.3130879387829413     
         459   459.00000000000000        1627.2137664044276        10.740000999743337        1.8846204642039563        1.3089395401753385     
         460   460.00000000000000        1629.9501825533807        10.736900999744059        1.8844600398100719        1.3223885059322034     
         461   461.00000000000000        1632.7454716246575        10.733700999744803        1.8842991671441527        1.3197324263780135     
         462   462.00000000000000        1635.6060513965786        10.730500999745550        1.8841378477827955        1.3194467292251000     
         463   463.00000000000000        1638.5388637538999        10.727400999746271        1.8839760856754018        1.3183277325496403     
         464   464.00000000000000        1641.5514079565182        10.724300999746992        1.8838138834880820                            NaN
         465   465.00000000000000        1644.6517755575478        10.721200999747714        1.8836512423121943        1.3284916336155481     
         466   466.00000000000000        1647.8486874364316        10.718000999748460        1.8834881657591667        1.3335800286072470     
         467   467.00000000000000        1651.1515318723395        10.714900999749181        1.8833246534455250        1.3244818516082364     
         468   468.00000000000000        1654.5704053882509        10.711800999749903        1.8831607069136869        1.3270382144395307     
         469   469.00000000000000        1658.1161548662931        10.708800999750601        1.8829963272007280        1.3241002709095531     
         470   470.00000000000000        1661.8004218582064        10.705700999751324        1.8828315130275413        1.3353727387742387     
         471   471.00000000000000        1665.6356889326125        10.702600999752045        1.8826662650102355        1.3541526752261517     
         472   472.00000000000000        1669.6353287212551        10.699600999752743        1.8825005817703961        1.3351154296372099     
         473   473.00000000000000        1673.8136542849243        10.696500999753466        1.8823344623552716        1.3346663124525506     
         474   474.00000000000000        1678.1859723050147        10.693500999754164        1.8821679035497947        1.3436348376364742     
         475   475.00000000000000        1682.7686389535666        10.690500999754862        1.8820009031673928        1.3344176232333071     
         476   476.00000000000000        1687.5791175365448        10.687500999755560        1.8818334589573635       0.88178666401343964     
         477   477.00000000000000        1692.6360399462283        10.684500999756260        1.8816655665336279        1.3416967271830247     
         478   478.00000000000000        1697.9592687375844        10.681600999756935        1.8814972223440922        1.3385737231634345     
         479   479.00000000000000        1703.5699645970017        10.678600999757633        1.8813284214358363        1.3409705556309794     
         480   480.00000000000000        1709.4906542468816        10.675700999758309        1.8811591589735384        1.3415767860825700     
         481   481.00000000000000        1715.7453030701727        10.672800999758984        1.8809894289479154        1.3431233255518402     
         482   482.00000000000000        1722.3593898881227        10.669900999759658        1.8808192263704400        1.3432607496408833     
         483   483.00000000000000        1729.3599851280451        10.667000999760333        1.8806485460907090        1.3305268412375448     
         484   484.00000000000000        1736.7758322432637        10.664100999761009        1.8804773802690733        1.3450873519345432     
         485   485.00000000000000        1744.6374328695238        10.661300999761661        1.8803057237889242        1.3412787137457698     
         486   486.00000000000000        1752.9771350212395        10.658500999762312        1.8801335716914369        1.3507466196385840     
         487   487.00000000000000        1761.8292250614613        10.655700999762965        1.8799609168319944        1.3484372998944936     
         488   488.00000000000000        1771.2300236411393        10.652900999763617        1.8797877561598342        1.3444297228648723     
         489   489.00000000000000        1781.2179851159453        10.650200999764245        1.8796140844697018        1.3504463767900465     
         490   490.00000000000000        1791.8338015135378        10.647400999764898        1.8794399000914805        1.3696188421946500     
         491   491.00000000000000        1803.1205099914223        10.644800999765502        1.8792651998961059        1.3549994879261558     
         492   492.00000000000000        1815.1236047409475        10.642100999766130        1.8790899849115443        1.3650909622310436     
         493   493.00000000000000        1827.8911539893597        10.639500999766737        1.8789142562867958        1.3727352373974044     
         494   494.00000000000000        1841.4739201553166        10.636900999767342        1.8787380193052288        1.3547212218787588     
         495   495.00000000000000        1855.9254862535745        10.634300999767948        1.8785612811104082        1.3574267547567618     
         496   496.00000000000000        1871.3023859448731        10.631800999768529        1.8783840525866420        1.3483401975630886     
         497   497.00000000000000        1887.6642384324223        10.629300999769111        1.8782063469956258        1.3598702417641637     
         498   498.00000000000000        1905.0738903172314        10.626900999769671        1.8780281866540891        1.3622271408645743     
         499   499.00000000000000        1923.5975599512458        10.624500999770229        1.8778495914402147        1.3618627516857988     
         500   500.00000000000000        1943.3049900270998        10.622100999770788        1.8776705936443958        1.3614158144092119     
