 2 2. 137.92323686079698 14.761800998806939 0.24873714156716498 1.5737498879013527
 3 3. 155.3054025548126 13.725600999048199 0.3508789103036489 1.2186448530239828
 4 4. 168.0017951140507 13.425400999118093 0.4472180986728006 0.9552512192879369
 5 5. 178.68180399365326 13.350400999135555 0.5388927173338784 0.7580504285845269
 6 6. 188.61498633298044 13.361900999132878 0.6251183320442606 0.6090655100735992
 7 7. 198.2627260118534 13.405700999122681 0.7050490480838569 0.49602556068797454
 8 8. 207.67125202975836 13.458000999110503 0.7784340439238295 0.40977663793540003
 9 9. 216.71879893400853 13.508700999098698 0.845626442510938 0.3433460572134002
 10 10. 225.25872390302743 13.554300999088081 0.9073568122123521 0.2915160169979204
 11 11. 233.1911607627011 13.594000999078839 0.9644947191592014 0.25027318539871984
 12 12. 240.48809316158093 13.628500999070805 1.017879054443433 0.2168143956572316
 13 13. 247.1903843733913 13.65880099906375 1.0682232134679273 0.18911893148581746
 14 14. 253.39014076436658 13.685700999057488 1.1160769588196209 0.16569160236540798
 15 15. 259.20765438113733 13.709900999051854 1.1618248919630825 0.14553946528321773
 16 16. 264.76892487451136 13.731900999046731 1.2057067737025542 0.12801552504716543
 17 17. 270.18727201582703 13.752000999042052 1.247849414934209 0.11270606046239073
 18 18. 275.5506992522638 13.77030099903779 1.288302917678636 0.09932820645525842
 19 19. 280.915349357017 13.786700999033972 1.327075615558014 0.0876267230954563
 20 20. 286.3045094142247 13.801200999030597 1.364163833164969 0.07748648818759532
 21 21. 291.71208865319744 13.81390099902764 1.3995737628207872 0.06887661451647097
 22 22. 297.10923336807724 13.824700999025124 1.4333347671778827 0.06163212905754485
 23 23. 302.4526920021579 13.833600999023052 1.4655046062940278 0.05561717204261766
 24 24. 307.69364291217624 13.840700999021399 1.4961682933574452 0.050728297228394045
 25 25. 312.78589810355425 13.846200999020118 1.5254324914855872 0.04689476337542882
 26 26. 317.6926568430968 13.850200999019187 1.5534176361972638 0.04396588997001689
 27 27. 322.39126924328207 13.852800999018582 1.5802492563333037 0.041779465839443045
 28 28. 326.87575411470556 13.854200999018255 1.6060498558882206 0.040244609220875534
 29 29. 331.15707623195755 13.854700999018139 1.6309320061279864 0.03935139331517164
 30 30. 335.26140995195533 13.854200999018255 1.6549931831661895 0.03884348164940181
 31 31. 339.22678830687187 13.853100999018512 1.6783124219950112 0.0388295859296987
 32 32. 343.098653334699 13.851300999018932 1.7009489357353127 0.039108025214741965
 33 33. 346.92488267997527 13.84890099901949 1.7229424881708268 0.03964292271741206
 34 34. 350.75087114697305 13.846100999020141 1.7443153860029137 0.040501259008365924
 35 35. 354.6151987285847 13.842900999020888 1.765075681832932 0.04163381741393185
 36 36. 358.5463260148324 13.839200999021749 1.785221271561207 0.042943380307207575
 37 37. 362.5606331699736 13.835100999022703 1.8047442761269015 0.04449204458527502
 38 38. 366.66197071563613 13.830600999023751 1.82363526777654 0.046277923352870454
 39 39. 370.8427310012286 13.825600999024916 1.8418869628193673 0.04823552080073483
 40 40. 375.08629076523215 13.820300999026149 1.8594968590269096 0.05051599110086958
 41 41. 379.3705298047233 13.8145009990275 1.87646886097479 0.05297587120469807
 42 42. 383.67201009654207 13.808300999028942 1.892813646151762 0.05568741938106418
 43 43. 387.97031425930606 13.801600999030503 1.908548008329613 0.05856431668113798
 44 44. 392.25200088327057 13.794500999032156 1.9236933869672743 0.06166809124975969
 45 45. 396.513643700332 13.787100999033878 1.93827379304876 0.06505557181809965
 46 46. 400.7634858566605 13.779200999035718 1.9523135275970966 0.0685484833014562
 47 47. 405.02136052265223 13.771000999037627 1.965834958533965 0.07227324053959353
 48 48. 409.31670184513945 13.76240099903963 1.9788567203858316 0.07612819054993518
 49 49. 413.68468868765405 13.753500999041702 1.991392466292991 0.08016725290247785
 50 50. 418.16081582415563 13.744300999043844 2.0034504695694006 0.08436749776991839
 51 51. 423.484005982775 13.734800999046056 2.015007425061189 0.08869349333053422
 52 52. 428.3012068959082 13.725000999048337 2.026022352032503 0.09317958500940933
 53 53. 433.14687607822725 13.71490099905069 2.0365499743598647 0.09784036729457131
 54 54. 438.0143133904099 13.70450099905311 2.046607311848136 0.10265555766504128
 55 55. 442.89738820077935 13.693800999055602 2.0562121738255383 0.10760868881394371
 56 56. 447.7905041088735 13.682800999058163 2.065382418047131 0.11268093805688717
 57 57. 452.688565374358 13.671500999060795 2.074135899511519 0.11785399509416883
 58 58. 457.5869449863222 13.660000999063472 2.0824903320288315 0.12319134649365139
 59 59. 462.4814543099218 13.64820099906622 2.0904631729102876 0.12859107000105918
 60 60. 467.368314249219 13.636200999069013 2.098071524818885 0.13411854090064312
 61 61. 472.24412786691187 13.624000999071853 2.1053320404675726 0.13975411399527676
 62 62. 477.1058544034437 13.61160099907474 2.1122608762582487 0.1454785521138864
 63 63. 481.9507846397446 13.599000999077674 2.1188736545407063 0.15127499626388566
 64 64. 486.77651754957276 13.586200999080654 2.1251854168782067 0.15712478646520386
 65 65. 491.58093818910385 13.573300999083658 2.1312106203974985 0.16309667770732442
 66 66. 496.36219677305445 13.560200999086709 2.136963114654275 0.16908799404645
 67 67. 501.11868888822727 13.547000999089782 2.14245615531479 0.1751691069698541
 68 68. 505.8490367969281 13.5336009990929 2.147702397138876 0.18123845222112633
 69 69. 510.55207178422995 13.520100999096044 2.1527139054734086 0.18736736115987682
 70 70. 515.2268175045496 13.506600999099188 2.1575021693207788 0.1936288620358566
 71 71. 519.8724742844522 13.492900999102378 2.1620781220644316 0.19983695746419303
 72 72. 524.4884043400211 13.47910099910559 2.1664521469689255 0.2060645858214656
 73 73. 529.0741178685084 13.465300999108804 2.1706341085791645 0.21238843914231043
 74 74. 533.6292599753327 13.45140099911204 2.1746333641762576 0.2187095646569969
 75 75. 538.1535983988059 13.4374009991153 2.178458784080561 0.22501596424201561
 76 76. 542.6470119962502 13.42340099911856 2.1821187826337014 0.23138688412192665
 77 77. 547.1094799564192 13.409300999121843 2.185621329457934 0.23772419701712857
 78 78. 551.5410717043524 13.395200999125125 2.1889739652597657 0.24410588002346734
 79 79. 555.9419374659781 13.381000999128432 2.1921838468199852 0.2504373985003637
 80 80. 560.3122994609406 13.366800999131737 2.1952577289678787 0.2567975010081669
 81 81. 564.6524436932445 13.352600999135044 2.1982020175134354 0.2631790518040698
 82 82. 568.9627123104149 13.33840099913835 2.2010227721226374 0.26957566792589005
 83 83. 573.2434965029287 13.324200999141656 2.2037257240197197 0.27598022484477647
 84 84. 577.495229916722 13.309900999144986 2.2063163020143373 0.2822964729603282
 85 85. 581.7183825525789 13.295700999148291 2.208799637280679 0.288698825533894
 86 86. 585.9134551271959 13.281400999151622 2.211180587273795 0.29500005127416473
 87 87. 590.0809738716715 13.267200999154927 2.213463751640483 0.30137737850685353
 88 88. 594.2214857440981 13.253000999158234 2.215653486472674 0.30773606319631325
 89 89. 598.3355540338405 13.23880099916154 2.2177539017905374 0.3140689160904667
 90 90. 602.42375433596 13.224600999164846 2.2197689055453713 0.3203737619095891
 91 91. 606.4866708750997 13.210400999168153 2.2217021848887293 0.3266451447075053
 92 92. 610.5248931589751 13.196200999171458 2.223557241414716 0.3328803361512979
 93 93. 614.5390129424171 13.182100999174741 2.2253373804633325 0.339165617982995
 94 94. 618.529621483699 13.168000999178025 2.227045751060837 0.34540860779949734
 95 95. 622.4973070756375 13.153900999181307 2.2286853224057603 0.3516040114344999
 96 96. 626.4426528346924 13.13980099918459 2.2302589181821437 0.3577499321506005
 97 97. 630.3662347320045 13.12580099918785 2.231769214287246 0.3639363672469039
 98 98. 634.2686198510057 13.111800999191109 2.2332187438604545 0.37006708784564835
 99 99. 638.1503648569035 13.097900999194346 2.234609915676208 0.376233098169355
 100 100. 642.0120146639962 13.084000999197583 2.235945019709459 0.38233989567300025
 101 101. 645.8541012874032 13.070100999200818 2.237226227993785 0.3883856295536101
 102 102. 649.6771428664063 13.056300999204032 2.238455596705456 0.39446031934845927
 103 103. 653.4816428471894 13.042500999207245 2.239635087928002 0.4004690199211531
 104 104. 657.2680893133362 13.028800999210434 2.2407665708930713 0.4065056109109223
 105 105. 661.0369544529991 13.015100999213624 2.2418518130343723 0.4124729629260618
 106 106. 664.7886941521866 13.001400999216814 2.2428925043086636 0.41837037823848494
 107 107. 668.5237477041379 12.98780099921998 2.2438902474563927 0.4242898190804941
 108 108. 672.2425376252494 12.974300999223123 2.244846577929429 0.4302322012958787
 109 109. 675.9454695685043 12.960800999226267 2.245762952324728 0.4361012806436539
 110 110. 679.6329323258219 12.947400999229387 2.2466407582825276 0.4419900043618089
 111 111. 683.3052979111943 12.934000999232508 2.247481325782832 0.44780367567255686
 112 112. 686.9629217169123 12.920600999235626 2.248285915348886 0.4535395915306712
 113 113. 690.6061427356033 12.907300999238723 2.249055744768784 0.459295422774191
 114 114. 694.2352838412048 12.894100999241797 2.24979195926197 0.46506762509241917
 115 115. 697.8506521223917 12.88090099924487 2.2504956679244663 0.4707614889961463
 116 116. 701.4525392623449 12.86780099924792 2.2511679256464103 0.47647242267693424
 117 117. 705.041221959114 12.85470099925097 2.251809745867086 0.48210412718016127
 118 118. 708.6169623811726 12.841700999253996 2.2524220916860775 0.4877517308263482
 119 119. 712.180008653099 12.828700999257023 2.2530058948534175 0.49331964690801977
 120 120. 715.7305953666349 12.815800999260027 2.2535620388228867 0.498902696784327
 121 121. 719.268944112686 12.803000999263007 2.2540913790763994 0.5045019294562985
 122 122. 722.7952640301196 12.790200999265988 2.254594732835391 0.5100200904795018
 123 123. 726.3097523675045 12.777400999268968 2.255072882995181 0.5154564688205554
 124 124. 729.8125950542035 12.764800999271902 2.255526588682425 0.5210061405353984
 125 125. 733.303967277495 12.752100999274859 2.255956572104306 0.5263776311340603
 126 126. 736.7840340626486 12.73960099927777 2.2563635287368053 0.5318613281209792
 127 127. 740.2529508531154 12.727000999280703 2.2567481314101103 0.5371666886062082
 128 128. 743.7108640882265 12.71460099928359 2.2571110271980794 0.5425857459225114
 129 129. 747.1579117760073 12.702200999286477 2.2574528369810842 0.5479238696733745
 130 130. 750.5942240589272 12.689800999289364 2.2577741611014592 0.5531812137421616
 131 131. 754.019923770598 12.677500999292228 2.258075573891708 0.5584543300726849
 132 132. 757.4351269816268 12.665300999295068 2.2583576346476084 0.563744606128483
 133 133. 760.8399435330095 12.653100999297909 2.258620881779454 0.5689540905274382
 134 134. 764.234477555619 12.641000999300726 2.258865836214494 0.574181776109652
 135 135. 767.6188279745069 12.628900999303543 2.259092996156865 0.579328836218519
 136 136. 770.9930889968919 12.616900999306337 2.2593028497701173 0.5844945345875597
 137 137. 774.357350582852 12.605000999309109 2.2594958647390158 0.5896792884979095
 138 138. 777.7116988978789 12.59310099931188 2.2596724915840034 0.5947839858019467
 139 139. 781.0562167465812 12.58120099931465 2.2598331734379933 0.5998103227307844
 140 140. 784.3909839869458 12.569400999317397 2.2599783308228933 0.6048558315291932
 141 141. 787.7160779246872 12.55770099932012 2.2601083749049575 0.6099217681605622
 142 142. 791.0315736873187 12.546000999322844 2.260223704775798 0.6149095164420543
 143 143. 794.3375445776848 12.534400999325547 2.2603247071317036 0.6199193356311974
 144 144. 797.6340624067906 12.522800999328247 2.2604117509270676 0.6248500938547971
 145 145. 800.9211978058522 12.511300999330924 2.2604852030006035 0.6298038533868564
 146 146. 804.1990205175786 12.499800999333601 2.2605454159061944 0.6346816585046513
 147 147. 807.4675996667706 12.488400999336257 2.2605927230731706 0.6395811341920147
 148 148. 810.7270040103995 12.477100999338887 2.2606274623637534 0.644505235431736
 149 149. 813.9773021673889 12.465800999341518 2.260649949651007 0.6493532026792059
 150 150. 817.2185628283942 12.454500999344148 2.2606604989197305 0.6541261724174099
