 2 2. 137.92323686079698 16.036400998510175 0.1734767799664189 1.865404983401973
 3 3. 155.3054025548126 13.942200998997766 0.24362640171995753 1.6411339117640795
 4 4. 168.0017951140507 13.239900999161284 0.31045285327708677 1.4387081614839148
 5 5. 178.68180399365326 12.948300999229177 0.3745165921982406 1.2717240747593344
 6 6. 188.61498633298044 12.824200999258071 0.43535322458214437 1.1371760181466222
 7 7. 198.2627260118534 12.777000999269061 0.4924343121649675 1.0295924239466678
 8 8. 207.67125202975836 12.766100999271599 0.5455568161502166 0.9434713989833666
 9 9. 216.71879893400853 12.77220099927018 0.5948708767833255 0.8740685573383684
 10 10. 225.25872390302743 12.785700999267036 0.6407620624917277 0.8174041388397877
 11 11. 233.1911607627011 12.80230099926317 0.6837162150686439 0.7704976410788438
 12 12. 240.48809316158093 12.819900999259072 0.7242176726970985 0.731008457341362
 13 13. 247.1903843733913 12.837700999254928 0.7626887912158352 0.6972490840617189
 14 14. 253.39014076436658 12.855300999250831 0.7994625556974146 0.6679429194951562
 15 15. 259.20765438113733 12.87270099924678 0.8347777905171959 0.642259943426159
 16 16. 264.76892487451136 12.889600999242845 0.8687884245771724 0.6194634566855924
 17 17. 270.18727201582703 12.906000999239026 0.9015806846076307 0.5991551827091786
 18 18. 275.5506992522638 12.921700999235371 0.9331936909794238 0.5809783829607348
 19 19. 280.915349357017 12.936700999231878 0.9636399415553869 0.5647717499706024
 20 20. 286.3045094142247 12.95070099922862 0.9929231154458129 0.5502684472556904
 21 21. 291.71208865319744 12.963600999225616 1.0210515150650465 0.537319884705977
 22 22. 297.10923336807724 12.975400999222867 1.0480464864608716 0.5258283174451387
 23 23. 302.4526920021579 12.9860009992204 1.0739460550940267 0.515626728973371
 24 24. 307.69364291217624 12.99540099921821 1.0988046205661401 0.5065826289728508
 25 25. 312.78589810355425 13.003700999216278 1.122689881310607 0.4986030462160118
 26 26. 317.6926568430968 13.010900999214602 1.1456781747158056 0.4915298000378642
 27 27. 322.39126924328207 13.017100999213158 1.167849249740281 0.4852559101144824
 28 28. 326.87575411470556 13.022500999211902 1.1892812256618424 0.4797385914164183
 29 29. 331.15707623195755 13.02710099921083 1.2100462709448363 0.4748284719395004
 30 30. 335.26140995195533 13.031000999209922 1.2302072748523494 0.4704504520181708
 31 31. 339.22678830687187 13.034300999209155 1.2498156959064246 0.46654495463420587
 32 32. 343.098653334699 13.037000999208525 1.2689105896109552 0.46301771400942665
 33 33. 346.92488267997527 13.039400999207967 1.2875188003528844 0.45996886493999695
 34 34. 350.75087114697305 13.041200999207547 1.305656148923062 0.4571632157576297
 35 35. 354.6151987285847 13.042700999207199 1.3233294379151705 0.4547399449700921
 36 36. 358.5463260148324 13.043800999206942 1.3405389926675857 0.45261354126225295
 37 37. 362.5606331699736 13.044500999206779 1.3572814347075475 0.450767070233448
 38 38. 366.66197071563613 13.044800999206709 1.3735523626086052 0.44919170732788966
 39 39. 370.8427310012286 13.044700999206732 1.3893486641823423 0.4478815014383878
 40 40. 375.08629076523215 13.044200999206849 1.4046702338434158 0.44683135152692055
 41 41. 379.3705298047233 13.043300999207059 1.4195209739082937 0.4460329445593418
 42 42. 383.67201009654207 13.04200099920736 1.4339090449752852 0.4454772304140966
 43 43. 387.97031425930606 13.040300999207757 1.4478464400462168 0.4451497326508625
 44 44. 392.25200088327057 13.038200999208247 1.4613480052643 0.44503439872490885
 45 45. 396.513643700332 13.035800999208805 1.4744301013292715 0.44517514816469683
 46 46. 400.7634858566605 13.033000999209456 1.4871091027789656 0.44548662107476056
 47 47. 405.02136052265223 13.029800999210202 1.49939995222501 0.4459472544632419
 48 48. 409.31670184513945 13.026400999210994 1.5113149658019822 0.4466680785275625
 49 49. 413.68468868765405 13.022600999211878 1.522863062359425 0.4474983799533171
 50 50. 418.16081582415563 13.018500999212833 1.5340495342365676 0.4484898130496414
 51 51. 423.484005982775 13.014100999213857 1.5448545139417154 0.44962452586834145
 52 52. 428.3012068959082 13.009500999214929 1.5552547094155447 0.45099040273017366
 53 53. 433.14687607822725 13.004500999216091 1.565289093147561 0.45244685064421736
 54 54. 438.0143133904099 12.999200999217326 1.5749685277978518 0.45404533801073077
 55 55. 442.89738820077935 12.993700999218607 1.5843050302589003 0.45583997959051314
 56 56. 447.7905041088735 12.98780099921998 1.593310705344113 0.45767940899032405
 57 57. 452.688565374358 12.9817009992214 1.601997675279925 0.4596861859435286
 58 58. 457.5869449863222 12.975400999222867 1.6103779943871985 0.46184551719430156
 59 59. 462.4814543099218 12.968800999224404 1.6184635696416028 0.46407376469932493
 60 60. 467.368314249219 12.962000999225987 1.626266093798575 0.4664267268842667
 61 61. 472.24412786691187 12.955000999227618 1.633796996307507 0.46889030969748036
 62 62. 477.1058544034437 12.947700999229317 1.6410674017599176 0.4713794503046885
 63 63. 481.9507846397446 12.94030099923104 1.648088101019732 0.47402014786786373
 64 64. 486.77651754957276 12.932700999232809 1.6548695277763639 0.4767305959513195
 65 65. 491.58093818910385 12.924900999234625 1.6614217471804793 0.4794983931692226
 66 66. 496.36219677305445 12.917000999236464 1.6677544472914752 0.4823792797725798
 67 67. 501.11868888822727 12.908900999238352 1.6738769321567597 0.4852930438540221
 68 68. 505.8490367969281 12.90070099924026 1.6797981272274165 0.48829905365285936
 69 69. 510.55207178422995 12.892300999242217 1.6855265785306006 0.49131427764788116
 70 70. 515.2268175045496 12.883800999244194 1.6910704618849015 0.4944004193637295
 71 71. 519.8724742844522 12.875300999246173 1.6964375897242 0.4976190318257379
 72 72. 524.4884043400211 12.866500999248222 1.7016354201451576 0.5007457620004807
 73 73. 529.0741178685084 12.857700999250271 1.7066710666486158 0.5039870234396788
 74 74. 533.6292599753327 12.848800999252344 1.7115513140137741 0.5072620044358561
 75 75. 538.1535983988059 12.839900999254416 1.7162826249770164 0.5106345587106899
 76 76. 542.6470119962502 12.830800999256535 1.7208711553759293 0.5139541920487525
 77 77. 547.1094799564192 12.821700999258654 1.7253227662487767 0.517355881262646
 78 78. 551.5410717043524 12.812500999260795 1.7296430356271069 0.5207624111426762
 79 79. 555.9419374659781 12.80320099926296 1.7338372731950364 0.5241653946873286
 80 80. 560.3122994609406 12.793900999265126 1.7379105296809392 0.5276331129034276
 81 81. 564.6524436932445 12.784500999267316 1.7418676104209285 0.5310853248748303
 82 82. 568.9627123104149 12.775100999269503 1.7457130857258225 0.5345899278241878
 83 83. 573.2434965029287 12.765700999271692 1.7494513057417347 0.5381420582832647
 84 84. 577.495229916722 12.756200999273904 1.7530864066660596 0.5416633355992344
 85 85. 581.7183825525789 12.74660099927614 1.7566223249704713 0.5451494657531669
 86 86. 585.9134551271959 12.73710099927835 1.7600628055478562 0.5487415526854977
 87 87. 590.0809738716715 12.727500999280586 1.7634114128143006 0.5522887369808486
 88 88. 594.2214857440981 12.717900999282822 1.7666715386668823 0.5558621392211895
 89 89. 598.3355540338405 12.708300999285056 1.7698464126024378 0.5594564566318148
 90 90. 602.42375433596 12.698600999287315 1.7729391090414235 0.5629944217587768
 91 91. 606.4866708750997 12.68900099928955 1.7759525579814408 0.5666218711990691
 92 92. 610.5248931589751 12.679300999291808 1.7788895488301255 0.5701858765597798
 93 93. 614.5390129424171 12.669600999294067 1.7817527407774185 0.573758129719696
 94 94. 618.529621483699 12.660000999296303 1.784544668790148 0.5774105300772876
 95 95. 622.4973070756375 12.65030099929856 1.787267750424703 0.5809915661317798
 96 96. 626.4426528346924 12.640600999300819 1.7899242914228424 0.584572912406966
 97 97. 630.3662347320045 12.630900999303078 1.7925164922875914 0.5881518185008134
 98 98. 634.2686198510057 12.621300999305312 1.795046453497506 0.5918017490440161
 99 99. 638.1503648569035 12.611600999307571 1.7975161823975052 0.5953699133413518
 100 100. 642.0120146639962 12.60190099930983 1.7999275950414297 0.5989301059978132
 101 101. 645.8541012874032 12.592300999312066 1.8022825240637208 0.6025555198294407
 102 102. 649.6771428664063 12.5827009993143 1.8045827224760376 0.6061684172115915
 103 103. 653.4816428471894 12.573000999316559 1.8068298659511306 0.6096920803445012
 104 104. 657.2680893133362 12.563400999318795 1.8090255588902966 0.6132762972141327
 105 105. 661.0369544529991 12.553800999321028 1.8111713382751922 0.6168435251439985
 106 106. 664.7886941521866 12.544200999323264 1.8132686750782512 0.6203921645601441
 107 107. 668.5237477041379 12.5346009993255 1.8153189817189979 0.6239220830224158
 108 108. 672.2425376252494 12.52510099932771 1.8173236108765467 0.6275064906258784
 109 109. 675.9454695685043 12.515600999329923 1.8192838606593427 0.631069294727314
 110 110. 679.6329323258219 12.506100999332135 1.8212009770335713 0.6346088135349855
 111 111. 683.3052979111943 12.496600999334348 1.823076157879102 0.6381248108528635
 112 112. 686.9629217169123 12.487100999336558 1.8249105523575646 0.6416145322288188
 113 113. 690.6061427356033 12.47760099933877 1.8267052665844032 0.6450792996631635
 114 114. 694.2352838412048 12.46820099934096 1.8284613639158507 0.6485929763088851
 115 115. 697.8506521223917 12.458800999343147 1.830179869148535 0.652078909027553
 116 116. 701.4525392623449 12.449400999345336 1.831861765375413 0.6555373903547839
 117 117. 705.041221959114 12.440100999347502 1.833508003717979 0.6590422412372607
 118 118. 708.6169623811726 12.430800999349668 1.835119499596272 0.6625187214318201
 119 119. 712.180008653099 12.421500999351833 1.8366971334811937 0.6659641101390953
 120 120. 715.7305953666349 12.412200999353997 1.838241758332069 0.6693783821737335
 121 121. 719.268944112686 12.402900999356163 1.8397541944848463 0.6727609464260879
 122 122. 722.7952640301196 12.393700999358305 1.8412352362296898 0.6761891049548432
 123 123. 726.3097523675045 12.384500999360448 1.842685649260922 0.6795847622368517
 124 124. 729.8125950542035 12.375400999362565 1.8441061753660315 0.6830255228106773
 125 125. 733.303967277495 12.366200999364708 1.845497529293445 0.6863544482287705
 126 126. 736.7840340626486 12.357100999366827 1.8468604060018055 0.6897280496339926
 127 127. 740.2529508531154 12.348100999368922 1.8481954752351715 0.6931457131761029
 128 128. 743.7108640882265 12.339000999371041 1.8495033865097772 0.6964507982216193
 129 129. 747.1579117760073 12.330000999373137 1.850784769029232 0.6997991648541112
 130 130. 750.5942240589272 12.321000999375231 1.8520402321485157 0.7031124725621078
 131 131. 754.019923770598 12.312100999377304 1.8532703674271187 0.7064693233766632
 132 132. 757.4351269816268 12.3031009993794 1.854475746375245 0.7097125762432661
 133 133. 760.8399435330095 12.294300999381448 1.8556569264324883 0.713077405842279
 134 134. 764.234477555619 12.285400999383521 1.8568144461415275 0.7163281422426814
 135 135. 767.6188279745069 12.27660099938557 1.8579488295943958 0.7196209188275059
 136 136. 770.9930889968919 12.26780099938762 1.8590605849790736 0.7228787775336253
 137 137. 774.357350582852 12.259000999389668 1.8601502068106088 0.7261006110181437
 138 138. 777.7116988978789 12.250200999391716 1.8612181745420928 0.7292853309021918
 139 139. 781.0562167465812 12.241500999393741 1.8622649552151571 0.7325131305655724
 140 140. 784.3909839869458 12.232900999395744 1.8632910014576107 0.735784543457571
 141 141. 787.7160779246872 12.22420099939777 1.864296755937522 0.7389393146264934
 142 142. 791.0315736873187 12.215600999399772 1.865282645986585 0.7421378786553829
 143 143. 794.3375445776848 12.207000999401775 1.8662490903969493 0.7452999455816295
 144 144. 797.6340624067906 12.198500999403754 1.867196495343498 0.7485042175938919
 145 145. 800.9211978058522 12.189900999405756 1.868125255119004 0.7515932735017141
 146 146. 804.1990205175786 12.181500999407712 1.869035756111885 0.7548046678421674
 147 147. 807.4675996667706 12.173000999409691 1.8699283723835065 0.7579011010038827
 148 148. 810.7270040103995 12.164600999411647 1.8708034704182572 0.7610400155466032
 149 149. 813.9773021673889 12.156200999413603 1.871661404662782 0.7641428045387477
 150 150. 817.2185628283942 12.147800999415558 1.8725025220479907 0.767209327507808
 151 151. 820.4508549459206 12.139500999417491 1.8733271611189986 0.7703195854471792
 152 152. 823.674247905184 12.131200999419423 1.8741356507733382 0.7733934808782029
 153 153. 826.8888116761566 12.122900999421356 1.8749283125472247 0.7764309276159805
 154 154. 830.0946169472909 12.114700999423265 1.8757054583789834 0.7795128152814027
 155 155. 833.2917352414485 12.106400999425198 1.8764673937804806 0.7824785140041419
 156 156. 836.4802390145983 12.098300999427083 1.8772144168245355 0.7855691239169968
 157 157. 839.6602017378802 12.090100999428993 1.8779468170258722 0.7885434471032821
 158 158. 842.8316979636547 12.082000999430878 1.8786648787782534 0.791562404265409
 159 159. 845.9948033761863 12.073900999432764 1.8793688770046328 0.794545864442777
 160 160. 849.1495948276254 12.06580099943465 1.8800590813030396 0.7974941570848753
 161 161. 852.2961503599741 12.057800999436513 1.8807357553963615 0.8004870320100844
 162 162. 855.4345492137327 12.049800999438375 1.8813991557569392 0.8034448594064055
 163 163. 858.5648718239336 12.041800999440238 1.882049531440359 0.8063676591064177
 164 164. 861.6871998042841 12.033900999442078 1.8826871292183194 0.8093363950535174
 165 165. 864.8016159201353 12.026000999443918 1.8833121854175163 0.812269273314137
 166 166. 867.9082040510068 12.018100999445757 1.883924933968253 0.8151679969821088
 167 167. 871.00704914339 12.010300999447573 1.8845256027792774 0.818112732636645
 168 168. 874.098237154558 12.002400999449412 1.8851144129798076 0.8209423499637218
 169 169. 877.1818549881003 11.994700999451204 1.8856915808788595 0.8238997747785761
 170 170. 880.2579904218987 11.98690099945302 1.8862573191964858 0.8267415328953126
 171 171. 883.3267320292515 11.979200999454813 1.8868118345476403 0.8296295507178886
 172 172. 886.3881690938446 11.971500999456607 1.8873553281446445 0.8324846736163543
 173 173. 889.4423915192566 11.9638009994584 1.8878879980854089 0.8353049682309817
 174 174. 892.4894897336724 11.956100999460192 1.8884100354584112 0.8380918505071537
 175 175. 895.5295545904658 11.948500999461961 1.8889216294389939 0.840926988352151
 176 176. 898.5626772652962 11.94090099946373 1.8894229635921809 0.843727664080835
 177 177. 901.5889491503502 11.933400999465476 1.8899142177796378 0.8465769952245068
 178 178. 904.6084617463356 11.925800999467247 1.8903955669133607 0.8493117731619699
 179 179. 907.6213065528241 11.918300999468993 1.8908671821177634 0.8520948343797227
 180 180. 910.627574957513 11.91080099947074 1.8913292318683494 0.8548439340729017
 181 181. 913.6273581249603 11.903400999472462 1.8917818790624603 0.8576430948140901
 182 182. 916.6207468853228 11.896000999474184 1.8922252847162375 0.860409281524225
 183 183. 919.607831623608 11.888600999475909 1.892659603527773 0.8631439555408572
 184 184. 922.5887021699263 11.881200999477631 1.8930849899613096 0.8658452142696846
 185 185. 925.5634476912081 11.87390099947933 1.8935015928054275 0.8685959520034529
 186 186. 928.5321565848265 11.86660099948103 1.893909558317407 0.8713149473253282
 187 187. 931.4949163745413 11.85930099948273 1.894309028750859 0.8740023393567824
 188 188. 934.4518136091611 11.85200099948443 1.8947001447623435 0.8766569058685105
 189 189. 937.4029337642885 11.844800999486106 1.8950830420142142 0.8793630742803938
 190 190. 940.3483611474948 11.837600999487782 1.8954578551298535 0.8820367586678045
 191 191. 943.2881788072458 11.83040099948946 1.8958247142553464 0.8846801199408522
 192 192. 946.2224684458718 11.823300999491112 1.8961837473827974 0.8873736902865167
 193 193. 949.1513103368557 11.816100999492788 1.8965350796263194 0.8899534650187768
 194 194. 952.0747832466848 11.809000999494442 1.896878833539834 0.8925851729028252
 195 195. 954.9929643614912 11.802000999496071 1.8972151290612096 0.8952690669199478
 196 196. 957.9059292186768 11.794900999497724 1.8975440827266021 0.897839525339911
 197 197. 960.8137516437018 11.787900999499353 1.8978658091767846 0.9004612140637522
 198 198. 963.7165036921876 11.780900999500984 1.8981804224020613 0.9030530358792251
 199 199. 966.6142555974617 11.773900999502613 1.898488030699168 0.9056151304371904
 200 200. 969.5070757236524 11.76700099950422 1.8987887426411072 0.908228749795801
 201 201. 972.3950305244182 11.76000099950585 1.8990826638818152 0.9107301889275378
 202 202. 975.278184507372 11.753200999507433 1.899369896734042 0.9133670924297627
 203 203. 978.1566002042433 11.746300999509039 1.8996505436291573 0.9158914189023949
 204 204. 981.0303381467975 11.739400999510647 1.8999247027906252 0.918386834535718
 205 205. 983.8994568485132 11.73260099951223 1.9001924712316096 0.9209351544054954
 206 206. 986.7640127919974 11.725800999513813 1.9004539456963279 0.9234549452697843
 207 207. 989.6240604221009 11.719000999515396 1.900709217518745 0.9259450058751508
 208 208. 992.4796521446765 11.712300999516955 1.9009583795561695 0.9284886271831118
 209 209. 995.3308383309063 11.705600999518516 1.9012015206456911 0.9310049185624513
 210 210. 998.1776673271063 11.698900999520076 1.9014387297624216 0.9334906836375575
 211 211. 1001.0201854698995 11.692200999521635 1.90167009207176 0.935949413742744
 212 212. 1003.8584371066371 11.685600999523173 1.9018956929903994 0.9384625689324384
 213 213. 1006.6924646209276 11.678900999524732 1.9021156150596183 0.9408630657767291
 214 214. 1009.5223084631211 11.67230099952627 1.9023299398010984 0.9433196963975246
 215 215. 1012.3480071855856 11.665700999527806 1.9025387472709205 0.9457479934405904
 216 216. 1015.1695974825979 11.65920099952932 1.9027421157307238 0.9482322287191244
 217 217. 1017.9871142346533 11.652600999530856 1.9029401220077646 0.950605694195423
 218 218. 1020.8005905570038 11.646100999532369 1.9031328415845261 0.9530334665913294
 219 219. 1023.6100578522055 11.639600999533883 1.9033203498116817 0.9554349462233342
 220 220. 1026.4155458664586 11.633200999535372 1.9035027179844892 0.9578925534760497
 221 221. 1029.2170827495117 11.626700999536887 1.9036800179323323 0.9602392716001679
 222 222. 1032.0146951178947 11.620300999538376 1.9038523216727954 0.9626425007374363
 223 223. 1034.808408121234 11.613900999539867 1.9040196959350308 0.9650187972489869
 224 224. 1037.598245511406 11.607500999541356 1.9041822102164723 0.9673683223117435
 225 225. 1040.3842297142696 11.601200999542824 1.9043399305625037 0.969775695776073
 226 226. 1043.1663819037208 11.59490099954429 1.9044929227214047 0.9721553357676245
 227 227. 1045.9447220778088 11.588600999545758 1.9046412510633843 0.9745094259953271
 228 228. 1048.7192691366424 11.582300999547224 1.9047849790492648 0.9768367896215101
 229 229. 1051.490040961826 11.576000999548691 1.9049241681358016 0.9791389248343407
 230 230. 1054.2570544971516 11.569800999550134 1.905058881569505 0.9814979260868254
 231 231. 1057.0203258302777 11.563500999551602 1.905189177262881 0.983748101068942
 232 232. 1059.7798702751256 11.557300999553044 1.9053151163662303 0.9860562082932471
 233 233. 1062.53570245473 11.551200999554466 1.90543675614143 0.9884225059736298
 234 234. 1065.287836384264 11.545000999555908 1.905554154014275 0.9906797541352415
 235 235. 1068.0362855539904 11.53890099955733 1.9056673668687198 0.9929955780228348
 236 236. 1070.7810630118643 11.532800999558749 1.9057764500283734 0.9952860854181257
 237 237. 1073.5221814455329 11.52670099956017 1.9058814578456056 0.9975521140754896
 238 238. 1076.2596532634852 11.520600999561589 1.9059824444831945 0.9997931450406882
 239 239. 1078.9934906750934 11.51450099956301 1.9060794631361195 1.002009336878903
 240 240. 1081.7237057693078 11.508500999564406 1.906172565349103 1.0042851341894514
 241 241. 1084.4503105917681 11.502500999565804 1.906261803634936 1.0065358125337798
 242 242. 1087.1733172201014 11.496500999567202 1.9063472263503356 1.0087628578789232
 243 243. 1089.8927378371818 11.490500999568598 1.906428885758772 1.010965771815185
 244 244. 1092.6085848021378 11.484600999569972 1.9065068291069374 1.0132284413108148
 245 245. 1095.3208707189044 11.478600999571368 1.9065811055283128 1.0153829143695459
 246 246. 1098.029608502114 11.472700999572742 1.9066517618611456 1.0175988680189545
 247 247. 1100.7348114401457 11.466800999574115 1.90671884632945 1.0197900276550227
 248 248. 1103.4364932551518 11.461000999575466 1.906782402907761 1.0220424214001862
 249 249. 1106.1346681598886 11.45510099957684 1.9068424795425094 1.0241858448021115
 250 250. 1108.8293509112018 11.44930099957819 1.9068991195948979 1.0263915515207227
 251 251. 1111.5205568600122 11.443500999579541 1.9069523662941432 1.0285738168078467
 252 252. 1114.2083019976683 11.43770099958089 1.9070022649672644 1.0307327991578155
 253 253. 1116.8926029985425 11.431900999582242 1.9070488576278826 1.032869336776239
 254 254. 1119.573477258758 11.426100999583593 1.907092185477873 1.0349828912215726
 255 255. 1122.250942930945 11.420400999584919 1.9071322923927494 1.0371583376132865
 256 256. 1124.925018954937 11.414700999586247 1.907169216929867 1.039311175239871
 257 257. 1127.5957250843364 11.409000999587574 1.9072030004432758 1.0414415484514774
 258 258. 1130.2630819088783 11.4033009995889 1.907233683406991 1.0435489374872016
 259 259. 1132.9271108725532 11.397600999590228 1.9072613036244117 1.0456348195033087
 260 260. 1135.5878342874391 11.39200099959153 1.9072859005854812 1.047782871579834
 261 261. 1138.2452753432276 11.386300999592859 1.9073075122913195 1.0498242349177274
 262 262. 1140.899458112428 11.380700999594163 1.9073261760195075 1.0519287753399058
 263 263. 1143.5504075512526 11.375100999595466 1.907341928543417 1.054011114116151
 264 264. 1146.198149496201 11.369600999596747 1.9073548072879334 1.056156362331027
 265 265. 1148.8427106563602 11.364000999598051 1.9073648466846105 1.0581961150978216
 266 266. 1151.484118601474 11.35850099959933 1.9073720825526164 1.0602991000621227
 267 267. 1154.1224017458321 11.353000999600612 1.907376550258739 1.0623805133583404
 268 268. 1156.757589328032 11.347500999601893 1.9073782834346944 1.0644404929653748
