 0.013070189092066883 0.081694193
 0.02226629426643361 0.132850869
 0.030718857544155008 0.168442712
 0.038616774108560625 0.194862225
 0.04598843673215189 0.215259964
 0.05283614498329651 0.231421918
 0.05918233241761348 0.244506851
 0.0650739977709358 0.255318893
 0.07057224882095126 0.26444475
 0.075740828404045 0.27230264
 0.08063808558176173 0.279205435
 0.0853128121443318 0.285379337
 0.08980061405747325 0.290984972
 0.09412747539658053 0.296128333
 0.09831015080816127 0.300886915
 0.10235609301332742 0.305325447
 0.1062694121436425 0.309469055
 0.11005267455958677 0.31335215
 0.11370557395271613 0.31699999
 0.11722885000653109 0.320417371
 0.12062716233483356 0.32363557
 0.12390395763993241 0.326663917
 0.12706582044795128 0.329524734
 0.13012216235815743 0.332232628
 0.13308161161373983 0.334803544
 0.13595109891420315 0.337258928
 0.13874141652839747 0.339609091
 0.14145942416718407 0.341862575
 0.14411175258333653 0.344041367
 0.1467034938232806 0.346143558
 0.1492380796317331 0.348185458
 0.1517184813438204 0.350169831
 0.15414509862026088 0.352091274
 0.15651835076333162 0.353963713
 0.15883789415393157 0.355777703
 0.1611029949615716 0.357544469
 0.16331288691216697 0.359252841
 0.1654670707878019 0.360908075
 0.16756553143091996 0.362515944
 0.16960754546701892 0.36406619
 0.17159688932420358 0.365565986
 0.17353398212653834 0.367017678
 0.1754195516601721 0.368418516
 0.17725715981858864 0.369777352
 0.17904625507257307 0.371097474
 0.18079149024635155 0.372370506
 0.18249302268979134 0.373604683
 0.18415047106888024 0.374796202
 0.18576576738275438 0.375952086
 0.18733124693526435 0.377066633
 0.1888513108433218 0.378136017
 0.1903274181677297 0.379163085
 0.19176270718110466 0.380156111
 0.19315740061385747 0.381111591
 0.19451169431316115 0.382031893
 0.1958302743802857 0.382919413
 0.1971118274620313 0.383770648
 0.19835799855822012 0.384593893
 0.1995719473949586 0.385385585
 0.20075373921465614 0.386148025
 0.20190492009963254 0.386883473
 0.2030254233652468 0.387588135
 0.2041198358549865 0.388276126
 0.2051848273126968 0.388931495
 0.2062248967464268 0.38957427
 0.2072397447485168 0.390188274
 0.20823060247313713 0.390781348
 0.20919865068379992 0.391355235
 0.21014502136941268 0.39191161
 0.21107079905043352 0.392452075
 0.21197537130186156 0.392972048
 0.21285970488153308 0.393479078
 0.21372638939632274 0.393968424
 0.21457633016454977 0.394441384
 0.2154070289004382 0.394905353
 0.21622095357825175 0.395349194
 0.21702056554249166 0.395786364
 0.21780320881211424 0.396205566
 0.21857126698182017 0.396613986
 0.219325403240373 0.397018812
 0.2200662493017179 0.397402292
 0.22079440721265792 0.397783963
 0.22150871030006267 0.398152175
 0.22220968523385878 0.39851395
 0.2228995870717376 0.398863753
 0.22357891506974215 0.39920227
 0.22424460715586075 0.39953644
 0.2249024013750518 0.399860596
 0.2255474064004191 0.400181643
 0.22618357234739303 0.400493828
 0.22680949924711338 0.400797672
 0.22742554561438702 0.401093675
 0.22803386076996565 0.401388669
 0.22863116208575449 0.401670385
 0.2292213823308717 0.401951981
 0.22980118513226697 0.4022275
 0.23037450150347288 0.402497323
 0.23093978303207024 0.402755402
 0.23149728940415806 0.403014895
 0.2320454187890995 0.403269729
 0.23258810532143956 0.403520218
 0.2331237318362148 0.403760201
 0.23365064824122492 0.404002858
 0.23417279588249246 0.404242013
 0.23468663221923322 0.404471439
 0.2351942190944735 0.404697842
 0.23569574138180882 0.404921449
 0.23619137744911695 0.405142482
 0.23667939494724607 0.40536115
 0.2371637589172224 0.405571121
 0.23764081579672822 0.405785633
 0.2381126210834871 0.405991801
 0.23857932128037332 0.406189767
 0.2390410579209275 0.406392798
 0.2394960311784164 0.406587931
 0.2399462973585721 0.406788448
 0.24039198377673698 0.406974748
 0.2408312603778418 0.407166711
 0.24126618749507936 0.407351274
 0.24169687935717618 0.407535153
 0.24212344650189488 0.407718463
 0.24254402275375223 0.407894681
 0.24296067453609524 0.408070532
 0.24337350234762403 0.408246119
 0.24378260316186673 0.40842154
 0.24418607744879042 0.408590216
 0.24458600000045227 0.408758889
 0.24498045630697224 0.408920959
 0.2453715252304129 0.409083176
 0.24575929046708872 0.409245618
 0.24614181472188507 0.40940836
 0.24652320844380957 0.409564753
 0.24689747861521708 0.409721566
 0.24727076898922049 0.409872131
 0.24763909123917574 0.410023229
 0.24800454356231333 0.41017492
 0.24836514754776795 0.410327263
 0.24872300709511114 0.410473541
 0.2490781875326227 0.410620562
 0.24942869049386449 0.410761588
 0.2497766294184702 0.410903439
 0.25012206418723887 0.411046161
 0.2504629785707158 0.411182989
 0.2508014950561961 0.41132076
 0.2511376690587168 0.411459514
 0.2514694664771631 0.411592456
 0.2517990194905589 0.411726444
 0.2521242822723411 0.411854662
 0.25244949486734736 0.411990838
 0.25276840179650856 0.412114432
 0.253087355349739 0.41224605
 0.2534021860452755 0.412371982
 0.2537150455089623 0.412499126
 0.2540238549796585 0.412620612
 0.25433077232325096 0.412743348
 0.254635840072017 0.412867361
 0.25493696362945917 0.412985756
 0.25523631092513877 0.413105462
 0.2555339218873489 0.413226503
 0.25582768582738374 0.413341957
 0.25611978127302065 0.413458775
 0.25640808788667724 0.413576976
 0.2566969516778192 0.413689615
 0.2569799243723031 0.413803661
 0.2572635238414143 0.413919133
 0.25754344898139464 0.41402906
 0.2578218979991731 0.41414043
 0.25809890341352815 0.414246261
 0.25837231035130803 0.414353551
 0.2586421378576391 0.414462318
 0.25891279122579375 0.414572575
 0.259179916280995 0.414677304
 0.2594457319106666 0.414783536
 0.2597080601143813 0.414884236
 0.259971335639428 0.414986448
 0.2602289573317052 0.415090184
 0.2604875791850799 0.415195452
 0.2607427965612426 0.41529519
 0.26099684825151304 0.41539647
 0.26124752990603883 0.41549221
 0.2614970864738852 0.415589495
 0.2617455414576279 0.415688331
 0.2619929179605246 0.415788728
 0.2622369945749403 0.415883577
 0.26248002988624464 0.415979988
 0.2627197940336031 0.416070838
 0.26295855160999354 0.416163248
 0.26319632392835235 0.416257227
 0.2634331308249062 0.416352779
 0.2636667260933646 0.416442753
 0.26389938786997186 0.416534297
 0.2641311350193508 0.416627415
 0.26435970935912945 0.416714937
 0.26458739876787224 0.416804029
 0.26481422113480596 0.416894696
 0.26503790612669226 0.416979743
 0.2652607514289052 0.417073562
 0.26548277384791846 0.417154545
 0.2657039900126881 0.417244306
 0.2659221139407958 0.417328421
 0.2661394562206584 0.417414101
 0.2663537238975401 0.417501352
 0.26656954597585153 0.417582928
 0.26678231623815724 0.417666063
 0.26699203905612395 0.417750761
 0.2672033638646339 0.417829756
 0.2674116626991964 0.417910302
 0.26761926861255314 0.4179924
 0.26782386242239986 0.418076051
 0.26802778323953746 0.418153965
 0.2682310444168721 0.418233421
 0.26843365863317326 0.418314417
 0.2686356388367921 0.418389647
 0.26883464729523915 0.418466406
 0.2690330391227872 0.418544692
 0.26922847000609357 0.418624508
 0.26942330171152445 0.418698518
 0.2696175454911008 0.418774043
 0.2698112129485386 0.418851083
 0.2700043150116306 0.418922283
 0.27019448993880024 0.419002343
 0.27038411463487955 0.41907655
 0.2705708206056453 0.419144885
 0.2707593737293915 0.419222082
 0.27094502218073274 0.419293392
 0.2711301555327541 0.419366184
 0.27131239136933744 0.419433061
 0.2714965211057609 0.419508808
 0.2716777664430106 0.419578626
 0.2718585290995026 0.419649907
 0.2720364134492021 0.41971523
 0.2722162357462543 0.41978943
 0.27239319162742703 0.419857655
 0.2725672808107534 0.419919888
