 2  .199534387  .0638858308  .0586781594  52.6590862  32.0174541
 3  .276880798  .0601671054  .0651117463  37.5682308  21.7303279
 4  .350415215  .0573588521  .0698629407  28.9641779  16.3688247
 5  .420681658  .0550788093  .0735116707  23.4543605  13.0927527
 6  .487253231  .0531460169  .0763183975  19.6767202  10.9072682
 7  .549651543  .0514466605  .0784138096  16.958127  9.35986829
 8  .607723922  .0499230566  .0799214593  14.9266108  8.21475917
 9  .661665238  .0485319918  .0809463681  13.3563582  7.33482568
 10  .711898201  .0472393401  .081576081  12.1041149  6.63568753
 11  .758938376  .0460449026  .0819252886  11.0825524  6.06701468
 12  .803293552  .0449140471  .0820287404  10.2258403  5.5912371
 13  .84540468  .0438529222  .0819673424  9.4964342  5.18721073
 14  .885619859  .0428482196  .081772242  8.86471729  4.83821802
 15  .924190807  .0418970723  .081478885  8.31139502  4.53337904
 16  .961283106  .0409904091  .0811008527  7.82137468  4.26413497
 17  .996994169  .0401394209  .0806821143  7.38684632  4.02604369
 18  1.03137418  .039323457  .0802011454  6.99667805  3.81272457
 19  1.06444673  .0385578955  .0797016915  6.64769231  3.6223415
 20  1.09622641  .0378258776  .0791626546  6.33231798  3.45055339
 21  1.12673212  .037132707  .0786048576  6.04750026  3.29561093
 22  1.15599513  .0364601552  .0780006609  5.78706017  3.15400595
 23  1.1840625  .0358286585  .0774005689  5.55126241  3.02590941
 24  1.21099662  .0352279191  .0767921504  5.33596954  2.90900226
 25  1.23687207  .0346463634  .0761589961  5.13730729  2.80112747
 26  1.26177098  .0340914622  .0755240466  4.95447356  2.70187401
 27  1.28577786  .0335582381  .0748835048  4.78512154  2.60995612
 28  1.30897473  .0330385785  .0742258367  4.6267574  2.52400431
 29  1.3314369  .0325418032  .073576442  4.47948082  2.44411157
 30  1.3532299  .0320629965  .0729293732  4.34162865  2.36936802
 31  1.37440747  .0316036714  .0722919707  4.21256698  2.29943972
 32  1.39501078  .0311506487  .0716383487  4.08991995  2.23300416
 33  1.41506876  .0307191842  .0710050848  3.97508493  2.17086159
 34  1.43459941  .0302889585  .070348981  3.86504512  2.11131821
 35  1.45361189  .0298799697  .0697167204  3.76191101  2.05556723
 36  1.47210908  .0294886319  .0691020124  3.66487827  2.00315535
 37  1.49009034  .0291096988  .0684943864  3.57300829  1.95355261
 38  1.50755412  .0287369237  .0678807261  3.48530291  1.90619517
 39  1.52450019  .0283745693  .0672718167  3.40203879  1.86123751
 40  1.54093127  .0280267377  .0666781924  3.32346196  1.81881816
 41  1.55685393  .0276978618  .0661113137  3.24984622  1.77909188
 42  1.57227879  .0273706295  .0655321239  3.17899708  1.74082546
 43  1.58721999  .0270500116  .0649530978  3.11129843  1.70423834
 44  1.60169421  .0267411952  .0643873584  3.04714438  1.66955684
 45  1.61571933  .0264495389  .0638485626  2.98693929  1.63701321
 46  1.62931295  .0261579432  .0632975052  2.92863266  1.6054585
 47  1.64249101  .0258824797  .0627728956  2.87384059  1.57580647
 48  1.65526665  .0256051823  .0622330916  2.82048437  1.54689169
 49  1.66764953  .0253410806  .0617143212  2.77007702  1.51956872
 50  1.67964568  .0250821522  .0611981917  2.72165913  1.49330019
 51  1.69122787  .0248295293  .0606878232  2.67532827  1.46813624
 52  1.70239113  .0245933344  .0602072846  2.63207376  1.44463479
 53  1.7131673  .0243556163  .0597146502  2.58989101  1.4216718
 54  1.72356924  .0241197023  .0592183314  2.54905272  1.39940431
 55  1.73360975  .0238998852  .0587531027  2.51095306  1.37861968
 56  1.74330165  .0236880167  .058299981  2.47466939  1.35880195
 57  1.75265773  .023475762  .0578393783  2.43928292  1.33943791
 58  1.76169064  .0232660433  .057378726  2.40503384  1.32066566
 59  1.77041287  .0230615625  .0569249309  2.37213745  1.30260929
 60  1.77883663  .0228650321  .0564849411  2.34080901  1.28539247
 61  1.78697384  .0226790984  .0560655501  2.3112563  1.26913433
 62  1.79483607  .022494892  .0556456704  2.28254304  1.25331179
 63  1.80243454  .0223036481  .0552044006  2.25376211  1.23741793
 64  1.80978008  .0221300303  .0548017304  2.22731287  1.22280218
 65  1.81688314  .021953761  .0543888581  2.20115247  1.20831992
 66  1.82375377  .0217880904  .0539981521  2.17654706  1.19468378
 67  1.83040161  .0216237788  .0536074749  2.15255652  1.18136799
 68  1.83683592  .021451505  .0531944248  2.12824693  1.16785091
 69  1.84306555  .0212954072  .0528177943  2.10593646  1.15543406
 70  1.84909898  .0211347034  .0524273428  2.08358094  1.14297307
 71  1.8549443  .0209822395  .0520544564  2.06239855  1.131152
 72  1.86060926  .0208394967  .0517029191  2.04250401  1.12003617
 73  1.86610122  .0206854744  .0513218651  2.02185999  1.10848619
 74  1.87142724  .0205439072  .0509691221  2.00272341  1.09776681
 75  1.87659402  .020404895  .0506207812  1.9841256  1.08733667
 76  1.88160797  .0202584401  .0502526719  1.96509882  1.07665574
 77  1.88647517  .020128018  .0499219784  1.94785948  1.06696438
 78  1.89120143  .0199923726  .0495771547  1.93037243  1.0571255
 79  1.89579228  .0198636448  .0492478135  1.91377445  1.04777539
 80  1.90025298  .0197316788  .0489093836  1.89709271  1.03837116
 81  1.90458855  .0195974016  .048564216  1.88040497  1.02895723
 82  1.90880377  .019472678  .0482412142  1.86481546  1.02015086
 83  1.91290317  .0193584438  .0479427395  1.85039776  1.01199288
 84  1.91689108  .0192331626  .047616557  1.83512214  1.00335188
 85  1.92077164  .0191086881  .0472915391  1.8200927  .99484435
 86  1.92454876  .0189967785  .046996284  1.80639741  .987077016
 87  1.92822619  .0188758998  .0466785965  1.79201792  .978925599
 88  1.93180749  .0187687664  .0463936364  1.7790628  .971565049
 89  1.93529607  .0186539289  .0460894474  1.76552862  .963879853
 90  1.93869516  .0185429143  .0457940242  1.75248049  .956463639
 91  1.94200786  .0184362556  .0455087047  1.73996057  .94933991
 92  1.9452371  .0183233644  .0452078859  1.72698226  .941960462
 93  1.94838571  .0182267921  .0449462145  1.71562581  .935481718
 94  1.95145637  .0181139011  .044644729  1.70286935  .928224753
 95  1.95445164  .0180181129  .0443843336  1.69179362  .921901188
 96  1.95737398  .017917867  .0441129074  1.6804042  .915403353
 97  1.96022572  .0178134825  .0438312674  1.6687274  .908746492
 98  1.96300911  .0177163633  .0435670037  1.6578084  .902510503
 99  1.96572627  .0176157755  .0432942087  1.64665588  .896145905
 100  1.96837927  .0175230153  .0430401769  1.63630322  .890225557
 101  1.97097006  .0174274919  .0427793821  1.62577503  .88420886
 102  1.97350052  .0173294227  .0425123804  1.61508852  .87810581
 103  1.97597244  .0172400344  .042266244  1.60526811  .872483546
 104  1.97838756  .0171485817  .0420150942  1.59532674  .866795872
 105  1.98074752  .0170662962  .041785989  1.58628816  .86160886
 106  1.98305392  .0169716066  .041527054  1.57617964  .855831829
 107  1.98530826  .0168864264  .0412909984  1.56699883  .850569495
 108  1.98751203  .0168001722  .0410524044  1.55777783  .845286569
 109  1.98966661  .0167130225  .0408117169  1.54853069  .839991102
 110  1.99177337  .0166359051  .0405951548  1.54024945  .835230822
 111  1.9938336  .0165474811  .0403515684  1.53099077  .829932906
 112  1.99584855  .0164694209  .0401329045  1.52272314  .825183902
 113  1.99781942  .0163803796  .0398880604  1.51350526  .819912923
 114  1.99974738  .0163020178  .0396688976  1.50530266  .815203861
 115  2.00163353  .0162236709  .0394498902  1.49714472  .810521538
 116  2.00347896  .0161455494  .0392315569  1.48904911  .805875667
 117  2.0052847  .0160677223  .0390140708  1.48102048  .801268882
 118  2.00705176  .0159903161  .0387977436  1.47306882  .79670671
 119  2.0087811  .0159134484  .0385828624  1.46520331  .792194254
 120  2.01047365  .0158478813  .0383950667  1.45839618  .788266052
 121  2.01213033  .0157724294  .038183892  1.45072925  .783867186
 122  2.01375199  .0156977879  .0379748315  1.44316916  .779529354
 123  2.01533949  .0156240448  .0377680936  1.43572244  .775256223
 124  2.01689364  .0155514082  .0375641853  1.42840701  .771057428
 125  2.01841522  .0154797923  .0373628976  1.4212137  .766928042
 126  2.01990501  .0154093607  .0371646217  1.41415619  .762875511
 127  2.02136375  .0153402084  .0369695858  1.40724207  .7589039
 128  2.02279215  .015272328  .0367777716  1.40046959  .755012221
 129  2.02419091  .0152058035  .0365893737  1.39384521  .751204019
 130  2.02556071  .0151407138  .0364045793  1.38737511  .747482598
 131  2.02690219  .0150770693  .0362234122  1.38105937  .743847896
 132  2.028216  .0150150037  .036046187  1.37490916  .740305949
 133  2.02950275  .014943996  .0358480709  1.36797614  .736337805
 134  2.03076303  .0148851011  .0356787596  1.36215558  .732980701
 135  2.03199744  .0148174403  .0354890086  1.35556718  .729205656
 136  2.03320654  .0147514942  .0353035376  1.34915364  .725528567
 137  2.03439086  .0146977222  .0351469431  1.34385484  .722463048
 138  2.03555096  .0146353094  .0349702403  1.33779781  .718985161
 139  2.03668735  .0145747214  .0347980606  1.33192335  .715609169
 140  2.03780053  .0145159996  .0346304927  1.32623445  .712336629
 141  2.03889099  .0144487272  .0344430967  1.3197942  .70865619
 142  2.03995922  .0143937665  .0342848153  1.31447713  .705590894
 143  2.04100567  .0143303961  .0341070631  1.30842064  .702124264
 144  2.04203081  .0142793133  .0339583169  1.30348361  .699270221
 145  2.04303506  .0142198725  .0337902378  1.29781083  .696017056
 146  2.04401887  .0141624814  .033627198  1.29233704  .692874297
 147  2.04498265  .0141070712  .0334690148  1.28705502  .689838188
 148  2.0459268  .0140536632  .0333157369  1.28196647  .686909385
 149  2.04685173  .0139920764  .0331436228  1.2761571  .683590129
 150  2.04775783  .0139428215  .0330004931  1.27146748  .680882344
 151  2.04864546  .0138853692  .0328384971  1.26605448  .677782929
 152  2.049515  .0138300287  .0326816614  1.26084315  .674795192
 153  2.0503668  .0137870294  .0325537502  1.25675085  .672417708
 154  2.05120122  .0137256577  .0323833671  1.25102128  .669152182
 155  2.0520186  .0136766501  .0322419421  1.24641202  .666497373
 156  2.05281927  .0136297845  .032105708  1.24200555  .663954429
 157  2.05360355  .0135748222  .0319509251  1.2368829  .66102448
 158  2.05437177  .0135220094  .0318013665  1.23196315  .658206543
 159  2.05512422  .0134713824  .0316571013  1.22724903  .655502097
 160  2.05586122  .0134229146  .0315180623  1.22273804  .652909566
 161  2.05658306  .0133765802  .0313841728  1.2184273  .650427425
 162  2.05729002  .0133223006  .0312321642  1.21341292  .647565509
 163  2.05798238  .013280281  .031108675  1.20950634  .645305863
 164  2.05866042  .0132303117  .0309670689  1.20489515  .642666055
 165  2.05932441  .0131825344  .0308307447  1.2004886  .640138792
 166  2.05997461  .0131368878  .0306995465  1.19628078  .637720862
 167  2.06061126  .0130934313  .0305736018  1.19227686  .635414914
 168  2.06123463  .0130420895  .0304297514  1.1875732  .63273192
 169  2.06184496  .0130029873  .0303142393  1.1839741  .630648162
 170  2.06244247  .0129559555  .0301807287  1.1796707  .628185059
 171  2.06302741  .0129110944  .0300524191  1.17556864  .625832423
 172  2.0636  .0128584009  .029906386  1.17077071  .623105295
 173  2.06416046  .0128178773  .0297884501  1.16707025  .620972912
 174  2.06470901  .0127795401  .0296757191  1.16357204  .618951148
 175  2.06524586  .012733296  .0295451075  1.15937048  .616551098
 176  2.06577122  .0126892481  .0294197335  1.15537159  .614262026
 177  2.06628528  .012647388  .0292995687  1.15157454  .61208334
 178  2.06678825  .0126076194  .0291843768  1.14797035  .610010215
 179  2.06728032  .0125600425  .0290515928  1.143671  .60756359
 180  2.06776167  .0125146236  .0289239469  1.13957017  .605225632
 181  2.0682325  .0124812529  .0288239294  1.136555  .603474364
 182  2.06869297  .012440082  .0287063544  1.13284479  .601349845
 183  2.06914328  .0124010427  .0285938262  1.12933047  .599332237
 184  2.06958358  .0123542276  .0284638443  1.12512297  .596942677
 185  2.07001406  .0123194037  .0283612828  1.12199568  .595136233
 186  2.07043486  .0122767764  .0282412148  1.11817234  .592956417
 187  2.07084616  .0122362634  .0281261421  1.11454274  .5908823
 188  2.07124811  .012197884  .0280161006  1.11110867  .588914668
 189  2.07164087  .0121615535  .0279108814  1.10786219  .587049313
 190  2.07202459  .0121174716  .0277883324  1.10392365  .584813117
 191  2.07239941  .0120852906  .0276928674  1.10105706  .583154508
 192  2.07276549  .0120453577  .0275800832  1.09749808  .581124965
 193  2.07312295  .0120074799  .0274721291  1.09412697  .579197673
 194  2.07347195  .0119716614  .0273690028  1.09094403  .577372722
 195  2.0738126  .0119280642  .0272485446  1.08706559  .575175607
 196  2.07414506  .0118963527  .0271550347  1.0842578  .573554519
 197  2.07446945  .0118568454  .0270441672  1.08075275  .571560376
 198  2.07478589  .0118193996  .0269381244  1.07743577  .569668402
 199  2.07509451  .011783944  .0268367314  1.07430027  .567875051
 200  2.07539544  .0117504959  .026740023  1.07134801  .566181061
 201  2.07568878  .0117190431  .026647957  1.0685777  .56458575
 202  2.07597467  .0116798919  .0265388172  1.06511817  .562622084
 203  2.07625321  .0116426733  .0264341892  1.06183463  .56075402
 204  2.07652451  .0116074611  .0263342315  1.05873384  .558985027
 205  2.0767887  .0115742423  .0262389088  1.05581478  .557314392
 206  2.07704586  .0115429174  .0261479791  1.05306811  .555737242
 207  2.07729612  .01151359  .0260616707  1.05050342  .554258484
 208  2.07753958  .0114765229  .0259582621  1.04724481  .552409354
 209  2.07777633  .0114413893  .0258593397  1.04416202  .550655483
 210  2.07800648  .0114081893  .0257648972  1.04125521  .548996812
 211  2.07823012  .0113768953  .0256748621  1.03852185  .547431933
 212  2.07844736  .0113475236  .0255892603  1.03596339  .54596156
 213  2.07865828  .0113104295  .0254866561  1.03271167  .544121639
 214  2.07886297  .0112752216  .0253884171  1.02963139  .54237445
 215  2.07906154  .011251468  .025315759  1.0275841  .541180134
 216  2.07925407  .0112104377  .025204936  1.02398274  .539156703
 217  2.07944064  .0111808777  .0251197129  1.02141595  .537686793
 218  2.07962135  .0111531489  .0250386944  1.01901569  .536306712
 219  2.07979627  .0111177096  .0249407668  1.01592232  .534557629
 220  2.07996549  .0110936566  .0248681752  1.01385628  .533357724
 221  2.08012909  .01106187  .0247786364  1.01109486  .531787668
 222  2.08028716  .0110319082  .0246932809  1.00849919  .530306989
 223  2.08043976  .0110037579  .0246120705  1.00606811  .528914998
 224  2.08058698  .0109679369  .0245141028  1.00294684  .527155896
 225  2.08072889  .010943349  .0244410384  1.00083949  .525938244
 226  2.08086557  .0109110818  .0243512077  .998040867  .524353037
 227  2.0809971  .010880618  .0242655013  .995406076  .522855993
 228  2.08112353  .0108518875  .0241837506  .992928603  .521443698
 229  2.08124495  .0108249331  .0241060484  .99061265  .520118167
 230  2.08136142  .0107902435  .0240115049  .98759942  .518422386
 231  2.08147302  .0107667529  .0239416845  .985598097  .517266032
 232  2.0815798  .0107355744  .023855142  .982903679  .51574167
 233  2.08168184  .0107060792  .0237724353  .980362103  .514299494
 234  2.0817792  .0106783098  .0236936489  .977977237  .512941517
 235  2.08187195  .0106522528  .0236187466  .97574798  .511667053
 236  2.08196014  .0106278666  .0235476273  .973670547  .510474069
 237  2.08204384  .0105957877  .0234598342  .970898705  .508912803
 238  2.08212312  .0105653984  .0233758812  .96828032  .507433894
 239  2.08219803  .0105460168  .0233160748  .966657669  .506484815
 240  2.08226863  .0105189569  .0232396477  .964341716  .505168099
 241  2.08233498  .0104841477  .0231464733  .961325354  .503480363
 242  2.08239713  .0104603534  .0230774299  .959305961  .502322694
 243  2.08245515  .0104382089  .0230120966  .957436558  .501245318
 244  2.08250909  .0104083299  .02293007  .954867876  .499797577
 245  2.08255899  .0103800364  .0228516247  .952443078  .498427005
 246  2.08260493  .0103533985  .02277691  .950168755  .497136942
 247  2.08264695  .0103283192  .022705701  .948035916  .495922713
 248  2.0826851  .0103048694  .02263815  .946051281  .494787685
 249  2.08271943  .0102829527  .0225740359  .944205992  .493727216
 250  2.08275  .010253347  .0224933958  .941664672  .492298497
 251  2.08277685  .0102345489  .0224362653  .940103006  .491389601
 252  2.08280004  .0102080532  .0223626006  .937844218  .490112011
 253  2.08281961  .0101830834  .0222923565  .935724061  .488908561
 254  2.08283561  .0101596548  .0222255604  .933744042  .487779964
 255  2.08284809  .010128533  .0221422875  .9310667  .486282848
 256  2.08285708  .0101081288  .0220822523  .929361622  .48530112
 257  2.08286265  .010080051  .0220057946  .926960753  .483951783
 258  2.08286483  .0100626771  .0219525057  .925531434  .483117145
 259  2.08286367  .0100375651  .0218826666  .923400184  .481911765
 260  2.08285921  .0100139359  .0218161337  .921403766  .480778336
 261  2.0828515  .00998260497  .02173317  .918708215  .479275886
 262  2.08284057  .00996193974  .0216732377  .916981292  .478286235
 263  2.08282647  .0099427204  .0216165115  .915386023  .47736672
 264  2.08280924  .00991578785  .0215433488  .913090221  .476077582
 265  2.08278892  .00989029345  .0214733885  .910925135  .474858176
 266  2.08276555  .00987538398  .0214262084  .909722354  .474147654
 267  2.08273916  .00985272237  .0213625264  .907815092  .473065594
 268  2.08270981  .00982240347  .0212825804  .905211605  .471616518
 269  2.08267752  .009802626  .0212252887  .903566824  .470674212
 270  2.08264233  .00978422825  .0211710415  .902047741  .469798779
 271  2.08260428  .0097581074  .0211004077  .899826051  .468553122
 272  2.08256342  .00973338752  .0210328762  .897731731  .467375324
 273  2.08251976  .00971005555  .0209684165  .895763817  .46626475
 274  2.08247335  .00968810133  .020906997  .893921286  .465220903
 275  2.08242422  .009667499  .0208485573  .892201891  .464242535
 276  2.08237241  .00964825241  .0207931004  .890606073  .463329822
 277  2.08231796  .00963036334  .0207406246  .889134087  .462482846
 278  2.08226088  .00960477186  .0206718766  .886960162  .461266499
 279  2.08220122  .00958049138  .0206060234  .884905573  .460113618
 280  2.08213902  .00956661218  .0205623441  .88379927  .45946078
 281  2.08207429  .00954499472  .0205023364  .881987412  .458436798
 282  2.08200708  .00952468299  .0204451942  .880294578  .457476014
 283  2.08193741  .00949669742  .0203718991  .8779015  .456147115
 284  2.08186531  .00947900066  .0203204918  .876447096  .455312868
 285  2.08179082  .00946260576  .0202719241  .875111532  .454541621
 286  2.08171397  .00943850152  .0202071482  .873072136  .453400499
 287  2.08163477  .00941569365  .020145215  .871150911  .452322077
 288  2.08155327  .00940307697  .0201048887  .870160295  .451733669
 289  2.08146949  .00938282373  .0200485317  .868472309  .450778826
 290  2.08138346  .00935486581  .0199760249  .866079977  .449454221
 291  2.0812952  .00933708851  .0199250772  .864617799  .448619134
 292  2.08120474  .00932053133  .0198767807  .863266996  .447843076
 293  2.08111212  .0092963428  .0198125142  .861218435  .446700719
 294  2.08101735  .00928228336  .0197696447  .860095986  .446045458
 295  2.08092046  .00926050793  .0197106343  .858267534  .445019793
 296  2.08082148  .00924000835  .0196544023  .856555768  .444055794
 297  2.08072043  .00922066914  .0196006919  .854949796  .443147911
 298  2.08061734  .00920256016  .0195496504  .853456323  .442299503
 299  2.08051223  .00918564561  .0195011962  .852072081  .441508849
 300  2.08040513  .0091610465  .0194367267  .849983848  .44034916
 301  2.08029605  .00914649998  .0193933998  .848816154  .439672996
 302  2.08018504  .00912431849  .0193341773  .846948877  .438630138
 303  2.08007209  .00911213072  .0192959377  .845997114  .438068025
 304  2.07995725  .00909227682  .0192417491  .844342604  .437137678
 305  2.07984052  .00907355109  .0191900026  .842791263  .436261867
 306  2.07972194  .00905602339  .0191408398  .841349584  .43544395
 307  2.07960153  .00903079943  .0190757038  .83920147  .434256241
 308  2.0794793  .00901555573  .0190314702  .837968783  .433548712
 309  2.07935529  .00900144429  .0189896684  .8368399  .432895925
 310  2.0792295  .00897967102  .0189319868  .835007445  .431874934
 311  2.07910196  .00895901368  .0188767153  .833277008  .430907856
 312  2.07897269  .00894829958  .0188422047  .832459595  .430419294
 313  2.07884171  .00892986666  .0187917143  .830932947  .429559721
 314  2.07870905  .00891257637  .0187436785  .829511073  .428755356
 315  2.07857471  .00889639378  .0186980186  .828190768  .428004523
 316  2.07843872  .00887255395  .0186365499  .82616616  .42688552
 317  2.0783011  .00885854182  .0185955447  .825044795  .426239576
 318  2.07816187  .00883689668  .0185387953  .823221151  .425226581
 319  2.07802105  .00882507411  .0185024676  .822300769  .424686464
 320  2.07787865  .00880558937  .0184503486  .820675183  .423777846
 321  2.07773469  .00878716326  .0184004986  .819146609  .422920371
 322  2.07758919  .00876982596  .0183529756  .817717894  .422115498
 323  2.07744217  .008753531  .0183076807  .816384884  .421360995
 324  2.07729364  .00873828302  .0182646168  .815147949  .420657091
 325  2.07714363  .00872412594  .0182238742  .814011379  .420005906
 326  2.07699215  .00870228625  .0181673596  .812166568  .418985033
 327  2.07683922  .00869018932  .0181310003  .811219217  .418433418
 328  2.07668484  .00867043356  .0180789323  .809565603  .41751321
 329  2.07652905  .00866039161  .0180469336  .808807432  .417060942
 330  2.07637185  .00864271356  .0179992858  .807344815  .416241125
 331  2.07621327  .00862604004  .0179537735  .805974391  .415469845
 332  2.07605331  .00861036388  .0179103798  .804695631  .414746762
 333  2.075892  .00859572796  .0178691914  .803512668  .414073949
 334  2.07572934  .00857343899  .0178123646  .801622716  .413032606
 335  2.07556536  .00856076459  .0177753358  .800620118  .41245459
 336  2.07540007  .00854910812  .0177404545  .799711431  .41192579
 337  2.07523348  .00852981994  .0176899995  .798097383  .41102941
 338  2.07506561  .00851150896  .0176416177  .796573053  .410180232
 339  2.07489648  .00849417992  .0175953192  .795139118  .409378492
 340  2.07472609  .00848640727  .0175686277  .794588374  .409037478
 341  2.07455447  .0084710001  .0175263825  .793331461  .408328643
 342  2.07438162  .00844799467  .0174686859  .79137127  .407253641
 343  2.07420756  .00843453004  .0174305452  .790293293  .40663867
 344  2.07403231  .00842201031  .0173943916  .789302496  .406069388
 345  2.07385588  .00841041498  .0173601774  .788396938  .405544815
 346  2.07367828  .00839121748  .017310531  .786787269  .404653778
 347  2.07349952  .00837294294  .0172628341  .785262429  .403807325
 348  2.07331962  .00836416605  .0172345378  .784617118  .403419037
 349  2.07313859  .00834778468  .0171908222  .783266994  .402664092
 350  2.07295645  .00833226599  .0171489225  .781996275  .401950846
 351  2.07277321  .00831772998  .0171090854  .780816411  .401285097
 352  2.07258887  .0083040939  .0170711355  .779719624  .400662862
 353  2.07240346  .00829135022  .017035054  .77870527  .400083786
 354  2.07221698  .00827098463  .016983567  .776983282  .399136997
 355  2.07202945  .00826003637  .0169512434  .776134733  .398644737
 356  2.07184088  .00824149076  .0169035812  .774580747  .397785893
 357  2.07165129  .00823233562  .0168750001  .773898135  .397380373
 358  2.07146067  .00821558235  .01683109  .772509665  .396608174
 359  2.07126906  .00819969223  .0167889886  .771200852  .395877697
 360  2.07107644  .0081931297  .0167658025  .770758328  .395597648
 361  2.07088286  .00817901722  .0167274049  .769614046  .394953157
 362  2.07068829  .00815729038  .0166736904  .767761461  .39394101
 363  2.07049277  .00814486466  .0166388172  .766772995  .393378077
 364  2.07029631  .00813332027  .0166057773  .765866322  .392857788
 365  2.07009891  .00812260125  .0165744491  .765036038  .392377448
 366  2.06990058  .00810431623  .0165279279  .763501426  .391531667
 367  2.06970134  .00809530854  .0165001522  .762829831  .391134141
 368  2.06950119  .00807870933  .0164571436  .761451198  .390369881
 369  2.06930015  .00806294749  .0164158802  .760150017  .389646107
 370  2.06909823  .00804801607  .0163763434  .758925623  .388962493
 371  2.06889544  .00804231316  .0163554059  .758560755  .388724969
 372  2.06869179  .00802904353  .0163193104  .757490573  .388121787
 373  2.06848728  .00800819446  .0162680564  .755713378  .387152221
 374  2.06828193  .00799654979  .0162353351  .754793809  .386627648
 375  2.06807576  .00798575606  .0162043691  .753953309  .386144271
 376  2.06786876  .00797573297  .0161749925  .753184349  .385698219
 377  2.06766094  .0079581548  .0161305326  .751710134  .384886837
 378  2.06745233  .00794971075  .016104412  .751087769  .384517246
 379  2.06724292  .00793373725  .0160632747  .749762378  .383783501
 380  2.06703273  .00791854806  .0160237624  .74850967  .383087697
 381  2.06682176  .00791248374  .0160025363  .748108734  .382833387
 382  2.06661003  .00789889079  .015966314  .747004422  .382214868
 383  2.06639754  .0078860411  .0159316235  .745968983  .381632331
 384  2.0661843  .00787400408  .015898606  .745009186  .381089145
 385  2.06597033  .00785440162  .0158505513  .743341573  .380179788
 386  2.06575562  .00784392962  .0158207573  .742527268  .379712369
 387  2.0655402  .00783417975  .0157924439  .741780126  .379279946
 388  2.06532406  .00781691653  .0157492167  .740329646  .378483779
 389  2.06510721  .00780870122  .0157240502  .739725444  .378125706
 390  2.06488967  .00779294848  .0156839346  .738415376  .377402657
 391  2.06467144  .00778624756  .0156618628  .737952351  .377117996
 392  2.06445253  .00777201024  .0156248566  .736783276  .376468343
 393  2.06423295  .0077585017  .0155893489  .735682005  .37585398
 394  2.0640127  .00774576626  .0155554247  .734652714  .375277064
 395  2.0637918  .00773377426  .0155230229  .733692688  .374736167
 396  2.06357024  .00772252091  .0154921314  .732801526  .374231066
 397  2.06334805  .00771200154  .0154627371  .731978769  .373761545
 398  2.06312522  .00770221146  .015434831  .731224161  .373327387
 399  2.06290176  .00768487687  .0153920335  .72976128  .372527525
 400  2.06267768  .00767656066  .0153671322  .729144206  .372164819
 401  2.06245299  .00766070199  .0153273572  .727818827  .371436441
 402  2.0622277  .00765379228  .0153053168  .727333112  .371141959
 403  2.0620018  .00763936595  .0152684658  .726141214  .370482991
 404  2.06177532  .00762567593  .015233119  .725018006  .369859697
 405  2.06154824  .00762090512  .0152154169  .724732453  .369669016
 406  2.06132059  .00760864357  .0151829746  .723742765  .369115003
 407  2.06109237  .00759705574  .0151519036  .72281592  .368593657
 408  2.06086358  .00758618552  .0151222904  .721956198  .368107117
 409  2.06063424  .00757601623  .0150940991  .721162047  .367654584
 410  2.06040434  .00755834486  .0150511837  .719661606  .366837942
 411  2.06017389  .00754955565  .0150257945  .718996474  .366452351
 412  2.0599429  .00754146565  .0150018161  .718396847  .366100713
 413  2.05971138  .00752587507  .0149631359  .717090698  .365384934
 414  2.05947933  .00751912425  .0149418664  .716616552  .365098311
 415  2.05924676  .00750492333  .0149060069  .715440378  .364449927
 416  2.05901368  .00749138838  .0148715007  .714326392  .363833833
 417  2.05878008  .00748666242  .0148543122  .714042151  .363645563
 418  2.05854598  .00747446302  .0148225047  .713053192  .363094295
 419  2.05831138  .00746293907  .014792065  .712127565  .362575805
 420  2.05807629  .00745206108  .0147629306  .711262416  .362088671
 421  2.05784071  .00744187296  .0147351862  .710461966  .361635035
 422  2.05760465  .00743229713  .0147086772  .709718913  .361211136
 423  2.05736811  .00741528413  .014667667  .708273496  .360425734
 424  2.05713111  .00740701895  .0146437995  .707653315  .360065478
 425  2.05689364  .00739940013  .0146212299  .707093976  .359736644
 426  2.05665571  .00738434418  .0145841766  .70583183  .359046201
 427  2.05641732  .00737800636  .0145641779  .705392816  .358779625
 428  2.05617849  .00736423195  .0145297095  .704250815  .358151395
 429  2.05593922  .00735104568  .0144964281  .703163706  .357551703
 430  2.05569951  .00734661921  .0144802576  .702904584  .357378069
 431  2.05545937  .00733470892  .0144495406  .701937458  .356840376
 432  2.0552188  .00732342013  .014420072  .701028606  .35633287
 433  2.05497781  .0073127721  .0143918911  .700180073  .3558565
 434  2.05473641  .00730271256  .0143648892  .699386721  .35540873
 435  2.05449459  .0072932845  .014339153  .698652889  .354991662
 436  2.05425238  .00728446011  .0143146227  .697975807  .354603952
 437  2.05400976  .00727623487  .0142912889  .69735515  .354245389
 438  2.05376675  .00726056377  .01425354  .6960287  .353524263
 439  2.05352336  .00725355427  .0142326364  .695522525  .353224824
 440  2.05327958  .00723910208  .0141973353  .694310555  .352562903
 441  2.05303542  .00723327006  .0141787791  .693915346  .352320763
 442  2.0527909  .00722004738  .0141459399  .692819074  .351718598
 443  2.05254601  .00721540647  .01412975  .692536263  .351534457
 444  2.05230076  .0072033312  .0140992035  .691547914  .350988087
 445  2.05205516  .00719186562  .0140698743  .690616912  .350471359
 446  2.05180921  .00718096035  .0140416657  .689738642  .349981874
 447  2.05156293  .00717071072  .0140147618  .688922266  .349524289
 448  2.0513163  .00716099663  .013988925  .688156234  .349092757
 449  2.05106935  .00715189118  .0139642993  .687447743  .348690852
 450  2.05082207  .00714339522  .0139408819  .686796789  .348318624
 451  2.05057448  .00713548717  .01391863  .686201377  .347975031
 452  2.05032657  .0071281707  .0138975489  .685661895  .34766026
 453  2.05007836  .00711348098  .0138622951  .684420903  .346985809
 454  2.04982986  .00710736421  .0138435894  .683994737  .346729471
 455  2.04958106  .00709389579  .0138107653  .682868888  .34611443
 456  2.04933198  .0070890281  .0137945273  .682561086  .345918972
 457  2.04908262  .00707681067  .0137641829  .681553326  .345364829
 458  2.04883299  .00706525955  .0137351598  .680608552  .344843118
 459  2.04858309  .00706225426  .0137225893  .680477224  .344738482
 460  2.04833294  .00705197223  .0136960713  .67965252  .344278613
 461  2.04808254  .00704237317  .0136709014  .678892496  .34385202
 462  2.04783189  .00703345048  .0136470646  .678196529  .343458391
 463  2.04758102  .00702522312  .0136245959  .677566481  .343098665
 464  2.04732991  .00700979607  .0135883656  .676249512  .342387225
 465  2.04707858  .00700300624  .0135687255  .675755719  .342097577
 466  2.04682705  .00699698292  .013550585  .675334754  .341845342
 467  2.04657531  .00698380581  .0135187877  .67423084  .34124353
 468  2.04632337  .00697936199  .0135037394  .673960015  .341068381
 469  2.04607125  .00696786296  .0134752357  .673015468  .340548403
 470  2.04581895  .0069571776  .0134483273  .672147969  .340068099
 471  2.04556648  .00694741795  .0134232315  .671368507  .339632959
 472  2.04531385  .00693860473  .0133999858  .6706791  .339244011
 473  2.04506107  .00693073838  .013378588  .670079779  .338901292
 474  2.04480815  .00692387163  .0133591365  .669575618  .338607397
 475  2.0445551  .00691808349  .0133417844  .669174438  .338366205
 476  2.04430192  .00690550258  .0133115254  .668123203  .337792696
 477  2.04404864  .0069019441  .0132985068  .667934683  .337660462
 478  2.04379527  .00689173474  .0132728633  .667109533  .337202794
 479  2.04354181  .00688278696  .0132496723  .666404695  .33680676
 480  2.04328828  .00687520273  .0132291268  .665830046  .336477374
 481  2.04303468  .00686897177  .0132112046  .665384658  .336214153
 482  2.04278105  .00685639424  .0131812706  .664331102  .335640192
 483  2.04252739  .00685316978  .0131691669  .664173088  .335524009
 484  2.04227372  .00684375362  .013145356  .663421641  .335104621
 485  2.04202006  .00683602851  .013124816  .662831879  .334767942
 486  2.04176642  .00683009357  .0131077325  .662413392  .334518851
 487  2.04151284  .0068182373  .0130794807  .661426824  .333979643
 488  2.04125933  .00680834678  .0130550271  .660628283  .333536591
 489  2.04100591  .00680054844  .0130346093  .66003004  .33319592
 490  2.04075263  .00679495169  .0130184348  .659642866  .332963025
 491  2.0404995  .00679162423  .0130066243  .659473152  .332841259
 492  2.04024657  .00678291431  .0129846987  .658786562  .332455616
 493  2.03999387  .00677672576  .0129676232  .658341683  .332193438
 494  2.03974144  .00676542387  .0129409597  .657405365  .331680465
 495  2.03948932  .00675687861  .0129195976  .656733366  .331302475
 496  2.03923757  .00675121497  .0129037691  .656337828  .331065642
 497  2.03898625  .00674860889  .0128938056  .656235941  .330978636
 498  2.03873541  .00674139694  .012875234  .655690996  .330665612
 499  2.03848513  .00673745786  .0128629371  .655460372  .330512976
 500  2.03823547  .00672919637  .0128425811  .654813591  .330148135
