 2  .150433398  .0479208379  .036263682  52.4189751  31.8551853
 3  .213497941  .045396918  .0410004325  36.8342326  21.2633985
 4  .275238581  .0434804015  .0446551076  28.0198484  15.7973498
 5  .335782391  .041915129  .0475915778  22.4161528  12.4828252
 6  .39447  .0405803497  .0499637419  18.6015128  10.2873095
 7  .450600847  .0393849807  .0518264639  15.8709002  8.74054743
 8  .503785875  .0382988274  .0532588948  13.84227  7.60220349
 9  .553991137  .0372931759  .0543261743  12.282365  6.7317279
 10  .60143893  .036345959  .05508721  11.0441866  6.04316701
 11  .646481329  .035459676  .0556211044  10.0377988  5.48502709
 12  .689498209  .0346070483  .0559497059  9.19594544  5.01916435
 13  .730831789  .0338009979  .056140651  8.4818539  4.62500379
 14  .770752909  .0330384959  .0562275535  7.86697557  4.28652238
 15  .809450342  .0323005196  .0562080003  7.32772436  3.99042634
 16  .847035598  .0316023896  .0561279107  6.85380998  3.73093996
 17  .883557277  .0309350336  .0559881767  6.43314896  3.50119165
 18  .919020229  .0303021988  .055807422  6.05882311  3.2972287
 19  .95340584  .0296882867  .0555677088  5.72184617  3.11391912
 20  .986690166  .0291107216  .0553082092  5.42063565  2.9503407
 21  1.01885791  .028554591  .0550094459  5.14834955  2.80260776
 22  1.04991129  .0280211367  .054680404  4.90176792  2.66890518
 23  1.07987364  .0275210225  .0543480622  4.67963165  2.54854101
 24  1.10878888  .0270278522  .0539687787  4.47494639  2.4376013
 25  1.13671775  .0265622905  .0535882217  4.2888242  2.33675337
 26  1.16373234  .026106157  .0531769772  4.11642258  2.24331284
 27  1.18990995  .0256778811  .0527767404  3.95888932  2.15796843
 28  1.21532717  .0252542267  .0523463907  3.81127751  2.07797763
 29  1.24005478  .0248473158  .0519143355  3.67421177  2.00372727
 30  1.26415376  .0244454743  .051460655  3.54501424  1.93374217
 31  1.28767273  .0240623747  .051016378  3.42479995  1.8686716
 32  1.31064675  .0236975603  .0505835754  3.31276733  1.80808142
 33  1.33309748  .0233362483  .0501338556  3.20632496  1.75052827
 34  1.35503464  .0229902793  .0496936368  3.10661014  1.69665621
 35  1.3764583  .0226481262  .0492401866  3.01170415  1.64539138
 36  1.39736198  .0223163339  .0487884503  2.92214107  1.59703314
 37  1.41773589  .0219999638  .0483503852  2.83825577  1.55176742
 38  1.43757008  .0216929819  .0479141845  2.75899811  1.50900344
 39  1.45685705  .0213888791  .0474666813  2.68331966  1.46815222
 40  1.47559372  .0211021635  .0470401905  2.61276576  1.43007951
 41  1.49378239  .0208165561  .0466003137  2.54512471  1.39354676
 42  1.51143082  .0205476423  .0461820212  2.48204963  1.35948282
 43  1.5285515  .0202800727  .04575265  2.42150592  1.32675103
 44  1.5451603  .0200198448  .0453262529  2.36401566  1.29564841
 45  1.56127467  .0197730194  .0449172054  2.31008986  1.26646642
 46  1.57691182  .0195350544  .0445163876  2.25902761  1.23881717
 47  1.5920869  .0193009625  .0441134705  2.21011602  1.21230584
 48  1.60681166  .0190650859  .0436964045  2.1626057  1.18651653
 49  1.62109365  .0188422597  .0432990322  2.11804053  1.16231777
 50  1.6349362  .0186253845  .0429060084  2.07552797  1.1392117
 51  1.64828316  .0184130691  .042514266  2.03491103  1.11710594
 52  1.66115953  .0182169402  .0421504934  1.9973282  1.09664002
 53  1.67358984  .0180103729  .0417551347  1.95980842  1.07615214
 54  1.68558789  .0178185557  .0413857883  1.92496776  1.05711223
 55  1.69716764  .0176346411  .041027455  1.8919844  1.03906301
 56  1.70834326  .017451723  .0406648568  1.86005639  1.02155834
 57  1.71912903  .0172733948  .0403066126  1.82949534  1.00477594
 58  1.72953919  .0170925101  .0399367574  1.79949879  .988269604
 59  1.73958785  .0169232073  .0395880771  1.77147143  .972828552
 60  1.74928894  .0167581634  .039244184  1.74459728  .957998589
 61  1.75865607  .0166005481  .0389127206  1.71914702  .943933748
 62  1.76770253  .0164427359  .0385764758  1.69429665  .930175503
 63  1.77644126  .016287705  .0382425981  1.67030813  .916872707
 64  1.78488476  .0161382935  .0379179225  1.64742655  .904164449
 65  1.79304514  .0159971328  .0376088014  1.62587397  .892176804
 66  1.80093405  .0158454823  .0372722159  1.60374688  .879848004
 67  1.80856271  .0157070431  .0369631282  1.58337602  .868482086
 68  1.81594189  .0155735288  .0366626384  1.56390269  .857600615
 69  1.82308191  .015436383  .0363511524  1.54445591  .846719114
 70  1.82999267  .0152977093  .0360337141  1.52522293  .835943749
 71  1.83668364  .0151701806  .0357398421  1.5074218  .825955013
 72  1.84316385  .0150449786  .0354492949  1.49016387  .816258336
 73  1.84944194  .0149237982  .0351661488  1.47359336  .806935211
 74  1.85552616  .0147977076  .0348698587  1.45682563  .797493885
 75  1.86142436  .0146789212  .0345888549  1.44102802  .788585426
 76  1.86714404  .0145582524  .0343019771  1.42529565  .779706981
 77  1.87269234  .0144477497  .0340372604  1.41077342  .77149617
 78  1.87807608  .0143274882  .0337486468  1.39553257  .762881144
 79  1.88330172  .0142199948  .0334884346  1.38172121  .755056646
 80  1.88837545  .0141157261  .0332345965  1.36840955  .747506332
 81  1.89330314  .014005315  .0329655328  1.35469429  .739729138
 82  1.89809039  .0139003489  .0327081608  1.34166988  .732333345
 83  1.90274254  .0137912873  .0324404702  1.32842002  .724811002
 84  1.90726465  .0136895706  .0321890128  1.31602072  .717759362
 85  1.91166156  .0135961087  .0319559502  1.30454626  .711219441
 86  1.91593788  .013490624  .0316944362  1.29207363  .704126377
 87  1.92009798  .0133950631  .0314552979  1.28066743  .697623934
 88  1.92414606  .013299546  .0312157313  1.269388  .691192122
 89  1.92808608  .0132048045  .0309774828  1.25829808  .684865923
 90  1.93192185  .0131115485  .0307422414  1.24745826  .678679031
 91  1.93565699  .0130203751  .0305114269  1.23691844  .672659216
 92  1.93929493  .0129318334  .0302863405  1.226724  .6668317
 93  1.94283899  .0128465237  .0300684014  1.2169254  .661224312
 94  1.94629229  .0127545819  .0298349159  1.2065982  .655327154
 95  1.94965784  .012666912  .0296110503  1.19675516  .649699233
 96  1.9529385  .0125839316  .0293977795  1.18742953  .644358829
 97  1.956137  .0124957701  .0291724254  1.17770006  .638798308
 98  1.95925597  .0124131832  .028959755  1.16856213  .633566181
 99  1.96229789  .0123365822  .0287607205  1.16004896  .628680397
 100  1.96526517  .012255951  .0285523313  1.15122881  .623628364
 101  1.96816009  .0121820391  .0283592891  1.14309376  .6189557
 102  1.97098484  .0120945896  .0281351629  1.13376857  .613631794
 103  1.97374152  .0120247449  .0279513593  1.12612745  .609236049
 104  1.97643215  .0119419993  .0277380019  1.11735136  .604220051
 105  1.97905864  .0118671912  .0275428305  1.10936051  .599638179
 106  1.98162284  .0118005549  .0273663616  1.10217246  .59549954
 107  1.98412654  .0117218994  .0271624652  1.09392652  .590783862
 108  1.98657143  .0116518841  .0269783579  1.08652166  .586532351
 109  1.98895915  .0115805453  .026791295  1.07903933  .582241484
 110  1.99129128  .0115081483  .0266019056  1.07150247  .577923906
 111  1.99356932  .0114449953  .0264336593  1.06485421  .574095679
 112  1.99579473  .0113710191  .0262408754  1.05725229  .569748931
 113  1.9979689  .0113066827  .0260701347  1.05057125  .565908843
 114  2.0000932  .0112420182  .0258987606  1.04389565  .562074717
 115  2.00216891  .0111771896  .0257271354  1.03723909  .558254081
 116  2.00419729  .011112409  .025555757  1.03061987  .554456844
 117  2.00617954  .0110477545  .0253848055  1.0240436  .550686231
 118  2.00811683  .0109834162  .0252147273  1.01752674  .546951055
 119  2.01001029  .0109195119  .0250457905  1.01107861  .543256518
 120  2.011861  .0108561811  .0248783202  1.00471094  .539608904
 121  2.01367001  .0107935522  .0247126102  .998434293  .536013951
 122  2.01543833  .0107416969  .0245713802  .993165758  .532970757
 123  2.01716694  .0106807343  .0244097718  .987091452  .529491837
 124  2.0188568  .0106207796  .0242506206  .981132903  .526078898
 125  2.02050883  .0105619443  .0240941786  .97529932  .522736855
 126  2.0221239  .0105043313  .0239406775  .969599156  .519470209
 127  2.02370289  .0104479633  .0237901656  .964033519  .516279506
 128  2.02524663  .0103929457  .0236428767  .958611102  .513169387
 129  2.02675593  .0103295291  .0234769585  .952444641  .509658266
 130  2.02823157  .0102774586  .0233366805  .947328932  .506720175
 131  2.02967432  .0102269589  .0232001088  .942374071  .503871916
 132  2.03108491  .0101682473  .0230453681  .936690394  .500631323
 133  2.03246407  .0101210855  .0229166532  .932073153  .497971188
 134  2.03381248  .0100658308  .0227700619  .926736897  .494924229
 135  2.03513084  .0100123867  .0226277291  .921580913  .491977543
 136  2.03641979  .00996081561  .022489785  .916610152  .489133706
 137  2.03767998  .00991111851  .0223562215  .911823986  .486392299
 138  2.03891203  .00986337964  .0222272194  .907229541  .483756999
 139  2.04011654  .00980785835  .0220811342  .901942498  .480749905
 140  2.04129411  .00976414266  .0219614858  .897739676  .478331006
 141  2.0424453  .00971273612  .021824978  .89285176  .475544491
 142  2.04357068  .00966341458  .0216933123  .888165083  .472869115
 143  2.04467078  .00961621577  .0215665622  .883682589  .470306313
 144  2.04574614  .00957117523  .0214447981  .879407134  .467857425
 145  2.04679727  .0095282973  .0213280149  .875338524  .465522278
 146  2.04782468  .00947799066  .0211950374  .870607014  .462832134
 147  2.04882884  .00942990365  .0210671849  .866086918  .460258244
 148  2.04981025  .00938407561  .0209445306  .861781338  .457802161
 149  2.05076936  .00934051459  .0208270819  .857690702  .455463925
 150  2.05170662  .00929924138  .0207148673  .853816338  .453244207
 151  2.05262248  .00926024792  .0206078624  .850157421  .451142283
 152  2.05351736  .00921399786  .0204851226  .84584934  .448693448
 153  2.0543917  .00917008654  .0203677338  .841761418  .44636505
 154  2.05524589  .00912852726  .0202557094  .837894453  .444157427
 155  2.05608034  .00908933232  .0201490653  .834249381  .442070874
 156  2.05689543  .00904298553  .020026983  .829963724  .439642454
 157  2.05769154  .00899902069  .0199103279  .825900902  .437335747
 158  2.05846906  .00895744507  .0197991048  .82206143  .435150824
 159  2.05922833  .00891823586  .0196932462  .818442848  .433086304
 160  2.05996972  .00888145515  .0195928758  .815050658  .431144938
 161  2.06069356  .00883759296  .019477289  .81102312  .428864977
 162  2.06140019  .00880557903  .0193876735  .808074828  .427164946
 163  2.06208995  .00876657039  .0192830409  .80449863  .425130358
 164  2.06276315  .00872055183  .0191634023  .800292911  .422760695
 165  2.06342011  .00868638304  .0190696761  .797166082  .420970165
 166  2.06406113  .00864522906  .0189610044  .793411456  .418845592
 167  2.06468651  .00860650352  .0188577983  .789881887  .416843112
 168  2.06529655  .0085701753  .0187599719  .786574238  .414961004
 169  2.06589153  .0085363107  .0186676599  .783494638  .413202271
 170  2.06647172  .00850480736  .0185806191  .780633382  .41156176
 171  2.0670374  .00846641806  .0184789105  .7771524  .409591916
 172  2.06758883  .00843046056  .0183826369  .773895923  .407743573
 173  2.06812628  .00839687231  .0182916496  .770858211  .406013521
 174  2.06864999  .00835647104  .0181862036  .767206814  .403957705
 175  2.06916022  .00832770877  .0181059537  .764614284  .402468048
 176  2.06965721  .00829210096  .0180111817  .761404736  .400650934
 177  2.0701412  .00825889775  .0179217501  .758416633  .398953355
 178  2.0706124  .0082188536  .0178178509  .754811421  .396928637
 179  2.07107106  .00819040057  .0177389501  .752260654  .395466902
 180  2.07151739  .00815515405  .0176456933  .749096867  .393680211
 181  2.07195161  .00812231015  .0175577554  .74615412  .39201254
 182  2.07237393  .00809183045  .0174750353  .743428694  .390461891
 183  2.07278455  .00805453116  .0173779501  .740087181  .388585063
 184  2.07318369  .00802875775  .0173055939  .737794205  .387267072
 185  2.07357152  .00799616554  .0172188858  .734885097  .385622848
 186  2.07394825  .00795683436  .0171180351  .73136671  .383656359
 187  2.07431407  .0079289785  .0170417479  .728892478  .382245804
 188  2.07466916  .00790338449  .0169704096  .726625849  .380946737
 189  2.0750137  .00787107537  .0168849923  .723751795  .379326428
 190  2.07534787  .00784107951  .0168046433  .721089876  .377820009
 191  2.07567184  .00780433556  .01671019  .717817103  .375990819
 192  2.07598578  .00777896299  .0166399516  .715579263  .374711766
 193  2.07628986  .00774681149  .0165555469  .712727336  .373108382
 194  2.07658423  .00771696771  .0164761835  .710087037  .371618334
 195  2.07686906  .00768939018  .0164017554  .707654418  .370239527
 196  2.07714449  .00766409112  .0163322757  .705430662  .368972459
 197  2.0774107  .00763205202  .016248768  .702595855  .367382917
 198  2.07766781  .00760227127  .01617017  .699967683  .36590408
 199  2.07791598  .00757472024  .0160964186  .697544033  .364534482
 200  2.07815535  .00754942367  .0160275428  .695326788  .363275233
 201  2.07838605  .00751739638  .0159447094  .692498627  .361693939
 202  2.07860824  .00748757547  .0158666609  .689872377  .36022062
 203  2.07882203  .0074599987  .0157934651  .687451613  .358857015
 204  2.07902757  .00743459557  .015724963  .685230046  .357599663
 205  2.07922497  .00741135156  .0156611075  .683206234  .356447795
 206  2.07941438  .00738143132  .0155834614  .680575585  .354976449
 207  2.0795959  .00735366054  .0155104538  .678141785  .353610071
 208  2.07976966  .00732807518  .0154421451  .675908093  .352350325
 209  2.07993579  .00730460652  .0153783774  .673868217  .351193848
 210  2.08009439  .00727446505  .015300876  .671221099  .349718026
 211  2.08024558  .0072552446  .015246206  .669570504  .348768657
 212  2.08038948  .00722933965  .0151777866  .66731141  .347499337
 213  2.08052619  .00720550824  .0151138019  .665242136  .346331051
 214  2.08065583  .00717500372  .015036137  .662565053  .344843372
 215  2.08077849  .00715538532  .0149811467  .660881848  .343880205
 216  2.08089428  .00712902936  .0149123451  .658584492  .3425945
 217  2.08100331  .0071047547  .0148479806  .656477712  .341410063
 218  2.08110567  .00707380638  .0147699844  .65376234  .33990616
 219  2.08120146  .00705362757  .0147143399  .652030824  .33892094
 220  2.08129079  .00702676343  .0146450439  .649689275  .33761565
 221  2.08137374  .00700190843  .0145800243  .647531826  .336408032
 222  2.0814504  .00697909768  .0145193352  .645561485  .335299734
 223  2.08152088  .00695824946  .0144628029  .643771132  .334286796
 224  2.08158526  .00693941281  .0144105192  .642165444  .333371539
 225  2.08164362  .00691386728  .0143445855  .639946531  .332135011
 226  2.08169607  .00689029452  .0142828288  .637908505  .330994262
 227  2.08174267  .00686867744  .0142251987  .636049707  .329948439
 228  2.08178352  .00684036781  .0141540063  .63357891  .328582091
 229  2.08181869  .00682264745  .0141045827  .632077359  .327725343
 230  2.08184828  .00679822238  .0140415811  .629962505  .326547446
 231  2.08187235  .00677571932  .0139826249  .628023811  .325462765
 232  2.08189099  .00675510898  .0139276473  .626258864  .324469869
 233  2.08190428  .00673641368  .0138766758  .624669473  .323569807
 234  2.08191229  .00671100817  .0138121651  .622465514  .322348266
 235  2.0819151  .00668749214  .0137516262  .62043495  .321218293
 236  2.08191278  .006665823  .0136949522  .618573535  .320177823
 237  2.0819054  .00664603524  .0136422135  .616885012  .319228494
 238  2.08189303  .00662808702  .0135933096  .615365403  .318368279
 239  2.08187576  .00660344377  .0135309482  .61323158  .317187217
 240  2.08185363  .00658911013  .0134895666  .612043934  .316502085
 241  2.08182672  .00656809406  .0134347684  .61024328  .315496673
 242  2.08179511  .00654038444  .0133665605  .607827852  .31417042
 243  2.08175885  .00652297593  .0133192721  .606358408  .313339651
 244  2.08171801  .0065073304  .0132756335  .605051052  .31259423
 245  2.08167266  .0064849718  .0132185653  .603127034  .311526972
 246  2.08162285  .00646441394  .013165235  .60136846  .310546838
 247  2.08156865  .00644556531  .0131154459  .59976689  .309649422
 248  2.08151013  .00642848544  .013069311  .598328026  .308837577
 249  2.08144733  .0064046883  .0130097878  .596271305  .307703596
 250  2.08138033  .00638259771  .0129538022  .594371279  .306652159
 251  2.08130917  .00637067365  .0129183025  .593406996  .306089731
 252  2.08123392  .00634362432  .0128525891  .591050092  .304801121
 253  2.08115463  .0063266852  .012807234  .589624128  .303998804
 254  2.08107136  .00631139062  .0127652509  .588349349  .30327603
 255  2.08098417  .00628941398  .0127100116  .586459001  .302232668
 256  2.0808931  .00626907109  .0126581428  .584719063  .301268291
 257  2.08079822  .00625042114  .0126097474  .583134789  .300385741
 258  2.08069957  .00623339888  .0125646937  .58170062  .29958188
 259  2.0805972  .00621799073  .0125229367  .580414964  .298856056
 260  2.08049117  .00619591634  .012468015  .578514517  .297810268
 261  2.08038153  .00618374987  .0124328825  .577527981  .297241144
 262  2.08026833  .00616488189  .0123845155  .575922702  .296350322
 263  2.08015161  .00614761253  .0123394186  .574464988  .295536753
 264  2.08003142  .00613190258  .0122975001  .573151057  .294798555
 265  2.07990782  .00610951806  .0122424452  .571220164  .293739848
 266  2.07978084  .0060969674  .0122069601  .570197988  .293154321
 267  2.07965054  .00607770759  .0121582753  .568555167  .292246581
 268  2.07951695  .00605999355  .0121127422  .567055126  .29141352
 269  2.07938013  .00604383657  .0120703712  .565698823  .290655685
 270  2.07924012  .00602097434  .0120148564  .563721699  .28957571
 271  2.07909695  .00600784842  .0119786384  .562645446  .288964322
 272  2.07895068  .00598803355  .0119293158  .560949457  .288031534
 273  2.07880135  .00597793404  .0118992074  .560153085  .287566392
 274  2.07864899  .00596113574  .0118559911  .55873608  .286779334
 275  2.07849365  .00594580626  .0118157472  .557455033  .286063239
 276  2.07833537  .00592378662  .0117624449  .555553253  .285025541
 277  2.07817418  .00591141249  .0117281629  .554545472  .284452215
 278  2.07801013  .00589234025  .0116808232  .552916224  .283556859
 279  2.07784325  .00587472639  .0116364275  .551421751  .282731933
 280  2.07767359  .00585855802  .0115949434  .550060958  .281976825
 281  2.07750117  .00584382244  .0115563439  .548833014  .281290933
 282  2.07732604  .00583050707  .011520587  .547736368  .280673662
 283  2.07714823  .00581053965  .0114719231  .546021834  .279736398
 284  2.07696778  .00580005972  .0114418495  .545188179  .279256124
 285  2.07678472  .0057828722  .0113987652  .543730921  .278453137
 286  2.07659909  .00576709658  .0113585159  .542404687  .277718343
 287  2.07641092  .00575272103  .0113210663  .541208236  .277051184
 288  2.07622024  .00573970892  .0112863324  .540137976  .276449907
 289  2.07602709  .00572003975  .0112387411  .538448221  .275528184
 290  2.0758315  .00570977603  .0112094952  .537633499  .275059707
 291  2.0756335  .00569279994  .0111672839  .536193321  .27426807
 292  2.07543312  .00567720555  .0111278341  .534881571  .27354317
 293  2.07523039  .00566295632  .0110910568  .533694409  .272883258
 294  2.07502536  .00565004159  .0110569355  .532631447  .272287834
 295  2.07481803  .00563041848  .0110099098  .530942716  .271369267
 296  2.07460845  .00562016927  .0109810823  .530127698  .27090265
 297  2.07439664  .00560320604  .0109393459  .528685886  .270112568
 298  2.07418263  .00558757183  .0109002545  .527367758  .269386685
 299  2.07396645  .00557320756  .0108636811  .526167576  .268722165
 300  2.07374814  .00556016164  .0108297148  .525090051  .268121357
 301  2.0735277  .00554838789  .0107982593  .524130911  .267582048
 302  2.07330518  .00553791155  .0107693635  .523292928  .26710547
 303  2.0730806  .00552071902  .0107276143  .521826748  .266305084
 304  2.07285398  .00550483004  .0106884487  .52048207  .265567671
 305  2.07262536  .0054902097  .0106517876  .519255433  .264891563
 306  2.07239475  .0054768231  .0106175573  .518143639  .264275091
 307  2.07216218  .0054646836  .0105857784  .517148066  .263718914
 308  2.07192768  .00545378126  .0105564316  .516268148  .263222569
 309  2.07169127  .00543621172  .0105143855  .514763471  .262404529
 310  2.07145298  .00542774704  .0104898158  .514110954  .26202608
 311  2.07121282  .00541263412  .010452601  .512835498  .261326796
 312  2.07097083  .00539872056  .0104177407  .511671812  .260685495
 313  2.07072703  .0053860076  .0103852375  .510620398  .260102251
 314  2.07048143  .00537450878  .0103551013  .509682115  .259577734
 315  2.07023406  .00536416758  .0103272286  .508852223  .259109232
 316  2.06998495  .00534720398  .0102868133  .507400767  .258320911
 317  2.06973411  .00533139371  .0102486597  .506056767  .257588339
 318  2.06948157  .00532461931  .0102277346  .505560403  .257292425
 319  2.06922735  .00531114647  .0101941379  .504434828  .256672931
 320  2.06897146  .0052988668  .0101628703  .50342112  .256111159
 321  2.06871394  .00528772415  .0101338075  .502513475  .255604415
 322  2.06845479  .00526993793  .0100922244  .500981278  .254776558
 323  2.06819405  .00526109324  .0100676304  .50028896  .254381025
 324  2.06793173  .00524557813  .0100304707  .498968987  .253663022
 325  2.06766785  .00523121129  .00999554534  .497756383  .253000562
 326  2.06740243  .0052257111  .00997742428  .497377814  .252767
 327  2.06713549  .00521359238  .00994684962  .496375877  .252213385
 328  2.06686705  .00520255853  .00991837921  .495475847  .251712298
 329  2.06659712  .00518490512  .00987749212  .493951896  .250890948
 330  2.06632573  .0051760897  .00985330896  .493259852  .250497277
 331  2.0660529  .00516062861  .00981667098  .491941117  .249782017
 332  2.06577864  .0051539711  .00979664686  .491451968  .249492904
 333  2.06550296  .00514066431  .00976416739  .490335229  .248881962
 334  2.0652259  .00512847083  .00973384048  .489323276  .248324933
 335  2.06494747  .00511731234  .00970550645  .488408417  .24781804
 336  2.06466767  .00510722607  .00967923205  .487594323  .247363105
 337  2.06438654  .00509052055  .00964061005  .486154794  .246587567
 338  2.06410409  .00508251286  .00961832679  .485535979  .24623336
 339  2.06382033  .00506790561  .00958375112  .484293636  .245559438
 340  2.06353528  .00506200991  .00956550561  .483873709  .24530765
 341  2.06324896  .00504946554  .00953488634  .482825267  .244733701
 342  2.06296139  .00503795409  .00950624695  .481873949  .24420981
 343  2.06267257  .00502749046  .00947961146  .481021285  .24373672
 344  2.06238253  .0050180202  .00945487254  .480262137  .243311806
 345  2.06209129  .00500190895  .00941781306  .478873896  .242564865
 346  2.06179885  .00499447452  .00939696423  .47830686  .24223869
 347  2.06150523  .00498039675  .00936380227  .477110222  .241590303
 348  2.06121046  .00496733814  .00933258375  .4760092  .240991313
 349  2.06091454  .00496284119  .00931731657  .475719308  .240807714
 350  2.06061748  .00495174224  .00928983241  .474803371  .240303806
 351  2.06031931  .00494161495  .00926419614  .47397906  .239847043
 352  2.06002004  .00492487413  .00922635867  .47252714  .239069233
 353  2.05971969  .00491669341  .00920442284  .471886452  .238706919
 354  2.05941826  .00490948273  .00918432636  .471337819  .238391726
 355  2.05911577  .00489565492  .00915203386  .470160505  .237755205
 356  2.05881224  .00488277221  .0091215339  .469071946  .237164523
 357  2.05850768  .0048784131  .00910682494  .468793022  .236987851
 358  2.0582021  .00486743357  .00907993772  .467884974  .236489584
 359  2.05789552  .00485737579  .00905478825  .467063703  .236036074
 360  2.05758795  .00484827634  .00903144749  .466333142  .235629118
 361  2.0572794  .004832545  .00899594406  .464971441  .23489979
 362  2.0569699  .00482527843  .00897606264  .464414243  .234581869
 363  2.05665944  .00481144659  .00894415492  .463232052  .233944741
 364  2.05634805  .00480598348  .00892766983  .462846042  .233714496
 365  2.05603573  .00479395319  .00889916072  .461834252  .233164877
 366  2.0557225  .00478284972  .00887240502  .460910511  .232660279
 367  2.05540838  .00477259876  .00884724869  .460067089  .232197105
 368  2.05509337  .00476326014  .00882380594  .459310177  .231778284
 369  2.05477748  .0047548264  .00880206554  .458639458  .23140347
 370  2.05446074  .00474726891  .00878196473  .458051927  .231071289
 371  2.05414314  .00473313189  .00874987078  .456836068  .230418796
 372  2.05382471  .00472731157  .00873302017  .456413455  .230171132
 373  2.05350545  .00471493344  .00870422854  .455364324  .229604136
 374  2.05318537  .00471084565  .00869060651  .455106518  .229440835
 375  2.05286449  .00470017677  .00866501212  .454219639  .228956991
 376  2.05254282  .00469037859  .00864105197  .453415772  .228515505
 377  2.05222037  .00468144352  .00861869656  .452693629  .228116025
 378  2.05189714  .00467332214  .00859786358  .45204913  .22775616
 379  2.05157316  .00465869732  .00856524337  .450782036  .227079268
 380  2.05124843  .00465227663  .00854757833  .45029933  .226802203
 381  2.05092296  .00463930973  .0085180585  .449189565  .226205949
 382  2.05059676  .00463456461  .0085035026  .448866537  .22601053
 383  2.05026984  .00462325176  .00847707008  .44791438  .225494794
 384  2.04994222  .0046127924  .00845222052  .44704312  .225020606
 385  2.04961389  .00460313702  .00842887213  .446248671  .224585569
 386  2.04928488  .0045943228  .00840707796  .445534084  .224191514
 387  2.04895519  .00458630067  .00838675719  .444895309  .223836065
 388  2.04862483  .004579064  .00836788862  .444331457  .223518915
 389  2.04829381  .00457267336  .00835058051  .443848504  .223243039
 390  2.04796214  .0045597282  .00832147212  .442735853  .222647095
 391  2.04762983  .00455492992  .00830710819  .442405325  .222448895
 392  2.04729688  .00454357773  .00828095047  .44144452  .221930575
 393  2.04696331  .0045330169  .00825626493  .440559469  .221450814
 394  2.04662912  .00453056635  .00824621017  .440453242  .221367238
 395  2.04629433  .00452158569  .00822443496  .439719259  .220964581
 396  2.04595893  .00451337894  .00820408539  .439059228  .220599684
 397  2.04562295  .0044986543  .00817205995  .437771533  .219916105
 398  2.04528638  .00449200585  .00815458115  .437260436  .219627231
 399  2.04494924  .00448613632  .00813852898  .436824014  .219376414
 400  2.04461153  .00447375075  .00811082753  .435759978  .218806883
 401  2.04427327  .00446938438  .0080975293  .435467556  .218629498
 402  2.04393445  .00445850337  .00807259581  .434547347  .218133384
 403  2.04359509  .00444839088  .00804906966  .433700296  .217674769
 404  2.04325519  .00444628509  .00803990385  .43362523  .217607919
 405  2.04291476  .00443766509  .00801911436  .432921616  .217222234
 406  2.04257381  .00442981865  .00799973982  .432292222  .216874348
 407  2.04223235  .00441544964  .00796875412  .431032685  .216207017
 408  2.04189038  .00440905315  .00795203371  .430542203  .215929963
 409  2.04154791  .00440339208  .00793665778  .430122768  .215688892
 410  2.04120495  .0043912529  .00790976176  .429076733  .215130426
 411  2.0408615  .00438703007  .00789700383  .428795502  .214959715
 412  2.04051758  .00437635108  .00787277671  .427889511  .214472599
 413  2.04017318  .00437358806  .00786266589  .427748887  .214373373
 414  2.03982831  .00436432568  .00784102547  .426979298  .21395554
 415  2.03948299  .00435577722  .00782068573  .426278279  .213572618
 416  2.03913721  .00434793698  .00780163403  .425645345  .213224346
 417  2.03879099  .00434079919  .00778385753  .425079995  .212910456
 418  2.03844433  .00433437969  .00776738884  .42458421  .212631743
 419  2.03809723  .00432147327  .00773945046  .423459085  .212034696
 420  2.03774971  .00431641499  .00772544989  .423094304  .211822628
 421  2.03740177  .00430493458  .00770010713  .422106238  .211295319
 422  2.03705342  .00430125785  .00768860204  .42187474  .21115096
 423  2.03670466  .00429111642  .00766569576  .421015799  .210689184
 424  2.0363555  .00428879924  .00765663759  .420915692  .210611518
 425  2.03600595  .0042800169  .00763618856  .420187781  .210216326
 426  2.03565601  .00427191968  .00761697866  .419525923  .209854693
 427  2.03530569  .00426445946  .00759891945  .418925437  .209524273
 428  2.034955  .00425769432  .00758211279  .418392123  .209227935
 429  2.03460394  .00425156634  .00756645934  .417920689  .208962848
 430  2.03425252  .00423898485  .0075394724  .416820987  .208380465
 431  2.03390074  .00423419398  .00752622592  .416478768  .208180954
 432  2.03354862  .00422295141  .00750166646  .415508492  .207664147
 433  2.03319616  .00421942444  .00749068777  .415288524  .207526678
 434  2.03284336  .00420946798  .00746844665  .414442367  .207072914
 435  2.03249024  .00420722885  .00745977004  .414347263  .206998724
 436  2.03213679  .00419854012  .00743980621  .413623662  .206607161
 437  2.03178303  .004190503  .00742101321  .412963073  .206247564
 438  2.03142896  .00418308143  .00740332488  .412361994  .205918175
 439  2.03107459  .0041763245  .00738683294  .411825704  .205621424
 440  2.03071993  .0041701552  .00737138544  .411345917  .205353537
 441  2.03036497  .00416463324  .00735709954  .410929331  .205117469
 442  2.03000974  .00415270513  .00733164421  .409886745  .204565774
 443  2.02965423  .00414841231  .00731955344  .409589299  .2043901
 444  2.02929845  .00413774171  .00729636058  .408668691  .203900107
 445  2.02894241  .00413469181  .00728648133  .408491982  .203785568
 446  2.02858611  .00412525133  .00726548789  .407690509  .203355988
 447  2.02822957  .00412344214  .00725780816  .407634538  .203302536
 448  2.02787278  .00411525252  .00723904931  .406954847  .202934453
 449  2.02751575  .00410769248  .00722140572  .406335873  .202597316
 450  2.02715848  .00410074315  .00720484866  .405776168  .20229021
 451  2.02680099  .00409444938  .00718946175  .405280607  .202015363
 452  2.02644328  .0040887525  .0071751263  .404842672  .201769896
 453  2.02608534  .00407672687  .00714984278  .403784851  .201212001
 454  2.0257272  .00407234728  .0071378486  .403475492  .201031377
 455  2.02536885  .00406859307  .00712695631  .403227107  .200881586
 456  2.02501028  .0040585372  .00710517177  .402360641  .200420572
 457  2.02465152  .00405610594  .00709661098  .402241316  .200336003
 458  2.02429256  .00404738313  .00707718533  .401504565  .199940622
 459  2.0239334  .00403934853  .00705898382  .400835159  .199579124
 460  2.02357404  .00403201586  .00704201497  .400233764  .199252204
 461  2.02321448  .00402540126  .00702631792  .399702784  .198960678
 462  2.02285474  .0040195028  .0070118735  .399241316  .198704471
 463  2.02249479  .0040143402  .0069987271  .398852123  .198484575
 464  2.02213465  .00400993643  .00698690962  .398537157  .198302147
 465  2.02177431  .0039994056  .00696456046  .397619464  .19781662
 466  2.02141377  .00399657884  .00695550351  .397458779  .197712062
 467  2.02105302  .00398767179  .00693601122  .396700048  .19730664
 468  2.02069206  .00398652168  .00692987745  .396703743  .197284968
 469  2.02033088  .00397934754  .00691341418  .396114649  .19696514
 470  2.01996948  .00397308818  .00689854169  .395614766  .196690505
 471  2.01960785  .00396776461  .00688530663  .395206989  .196462131
 472  2.01924597  .00395654582  .00686198352  .394217923  .195941746
 473  2.01888385  .00395322593  .00685223641  .394006696  .19581245
 474  2.01852147  .00394410115  .00683257096  .393223222  .195395551
 475  2.01815881  .00394293165  .00682655226  .393223361  .195372714
 476  2.01779587  .00393606173  .00681080213  .392661341  .195067389
 477  2.01743264  .00393037979  .00679711189  .392216048  .194820869
 478  2.01706909  .00392597431  .0067856308  .391896381  .194637573
 479  2.01670521  .00391603461  .00676471943  .391029826  .194179823
 480  2.016341  .00391430674  .00675786546  .39097379  .194129204
 481  2.01597643  .00390719211  .00674184641  .390385654  .193811398
 482  2.0156115  .00390157865  .00672841928  .38994537  .193567989
 483  2.0152462  .00389755766  .00671773672  .389662133  .193403549
 484  2.0148805  .0038883653  .00669827697  .388867406  .192982428
 485  2.0145144  .00388774487  .00669344565  .388919797  .1929867
 486  2.01414791  .00388212817  .0066801402  .388477912  .192742954
 487  2.013781  .00387161903  .00665855185  .387551558  .19225621
 488  2.01341369  .00386990776  .00665195706  .387495365  .19220629
 489  2.01304599  .00386350878  .00663743114  .386974913  .191923523
 490  2.01267789  .0038593114  .00662668162  .386672105  .191750077
 491  2.01230943  .00385063786  .00660837463  .385925514  .191354163
 492  2.01194062  .00385114043  .006605679  .386088125  .19141422
 493  2.0115715  .00384738608  .0065957995  .385828669  .191262706
 494  2.01120212  .00383948745  .00657892668  .385157163  .190905102
 495  2.01083253  .00383435441  .006566797  .384760153  .190684921
 496  2.0104628  .00383207383  .00655953284  .384645383  .190606552
 497  2.01009302  .0038260318  .00654595355  .384157266  .190341032
 498  2.00972329  .00382307195  .0065376277  .383974243  .190228773
 499  2.00935371  .00381659083  .00652340206  .38344133  .189941214
 500  2.00898442  .00381346588  .00651489229  .383240863  .18982058
