 0.015465415465657547 0.0790179951
 0.02589357410256468 0.12822897
 0.03526213996102909 0.162742938
 0.04384096210083243 0.188503102
 0.05170724333829864 0.208482294
 0.058900696142303706 0.224370782
 0.06547549460244913 0.237272523
 0.07150337411609639 0.247958482
 0.07706537846465822 0.256994993
 0.0822389502446756 0.264789373
 0.08709191055157814 0.271637158
 0.09168040250288781 0.277757747
 0.09604719868152388 0.283307923
 0.10022220386366573 0.288394546
 0.1042254937875678 0.293093081
 0.10807124393312387 0.297465157
 0.1117659689719535 0.301542157
 0.11531524733266074 0.305356003
 0.11872237407181138 0.308925851
 0.1219922043733944 0.312274511
 0.12512936951658873 0.31541685
 0.12814121352431806 0.318374379
 0.1310359204971775 0.321166259
 0.13382009938448416 0.323799239
 0.1365049780911764 0.326299875
 0.13909911340367953 0.328680781
 0.14161172643275843 0.330958681
 0.14404918195552968 0.333139294
 0.14641877285022695 0.335236137
 0.14872759505809716 0.337265563
 0.15097702002146315 0.33922192
 0.15317249802031696 0.341121962
 0.15531386940336125 0.342960523
 0.15740334479872478 0.344745624
 0.1594401747817571 0.346473893
 0.16142434602305308 0.348146044
 0.1633569395480469 0.349767446
 0.16523801939756877 0.351338329
 0.16706673721358728 0.352853949
 0.16884631892424481 0.354325486
 0.17057427077763854 0.355738697
 0.17225590968119261 0.357111024
 0.1738918684835299 0.358439492
 0.17548285647738665 0.359721273
 0.17703080357738835 0.360958801
 0.17853877155114017 0.362159695
 0.1800082380310517 0.363325985
 0.18143762834674945 0.364448545
 0.18283026841928623 0.365539159
 0.18418187522080634 0.366589512
 0.1854932736444615 0.367604937
 0.1867652044964653 0.368577126
 0.1880018114191725 0.369518677
 0.18920172151735498 0.370420366
 0.1903691132394713 0.371294821
 0.1915039897956136 0.372138308
 0.19260630215116273 0.37294704
 0.1936788160898311 0.373728228
 0.19472286090344265 0.374483582
 0.19573973489633978 0.37521479
 0.19672923998595435 0.37591792
 0.1976925752025323 0.376594547
 0.19863237373625897 0.377251794
 0.19954829465873836 0.377885564
 0.2004414139526141 0.378497286
 0.20131426245958026 0.379093982
 0.2021648444727211 0.379665706
 0.20299560010576356 0.38021936
 0.2038074400279781 0.380756165
 0.2046012336677364 0.381277295
 0.20537781464716584 0.381783869
 0.20613643458219266 0.382271244
 0.20687938132040723 0.382746133
 0.20760737757093814 0.383209515
 0.2083195549940629 0.383656573
 0.20901811816002222 0.384093923
 0.20970212256628912 0.38451664
 0.2103721484184742 0.384925501
 0.21103033330191814 0.385327033
 0.21167563078804386 0.385716169
 0.2123085425698867 0.386093572
 0.21293114767143342 0.386465702
 0.21354069934518924 0.386821526
 0.21414084535993494 0.38717327
 0.21473039243988984 0.387515657
 0.2153097343352625 0.387849202
 0.2158792448022273 0.388174398
 0.21644091972885945 0.388497593
 0.21699182825317231 0.388807477
 0.21753392823245665 0.389110347
 0.21806752728491097 0.389406598
 0.2185929227809145 0.389696616
 0.21911039618852352 0.389980759
 0.21962021638168072 0.390259375
 0.22012264183954977 0.390532791
 0.2206179172289399 0.390801315
 0.22110627898139107 0.391065248
 0.2215862596484587 0.391318899
 0.22205975688782334 0.391568487
 0.22252697555576073 0.391814272
 0.22298811324438184 0.392056493
 0.2234433579914076 0.392295383
 0.22389117849435095 0.392525148
 0.22433517077203152 0.392758015
 0.22477206984759257 0.392982152
 0.22520201915531735 0.393197722
 0.22562862766570554 0.393416974
 0.22604857898702455 0.393627999
 0.226463745760419 0.393836998
 0.22687426361158447 0.394044126
 0.2272785129489273 0.39424346
 0.22767836216745937 0.394441201
 0.22807393452135627 0.394637485
 0.22846534565575757 0.394832443
 0.2288509417947341 0.395020093
 0.22923259129189477 0.395206642
 0.22961040062049248 0.395392205
 0.22998268939785 0.395570761
 0.23035132858061927 0.395748527
 0.23071462550342733 0.39591946
 0.2310762450883572 0.396095928
 0.23143269442119155 0.396265731
 0.2317840465755036 0.396428936
 0.2321339841061094 0.396597942
 0.23247898109703527 0.396760493
 0.23281910362745728 0.396916645
 0.23315805127503475 0.397078833
 0.23349226552389002 0.397234748
 0.23382180650361437 0.397384433
 0.23415039023489082 0.397540359
 0.23447442944958263 0.397690168
 0.23479397707867458 0.397833893
 0.23511092571324538 0.397977806
 0.23542533918473726 0.398121961
 0.2357372768731171 0.398266408
 0.2360449418613865 0.398404939
 0.2363502393545009 0.398543844
 0.23665322347509823 0.398683169
 0.23695208320471037 0.398816681
 0.2372487274138797 0.398950681
 0.2375413369599906 0.399078923
 0.2378318237948072 0.399207719
 0.23812023820308928 0.399337105
 0.23840474255113805 0.399460809
 0.23868914593026214 0.399591476
 0.23896783471038427 0.399710191
 0.2392465089091694 0.399835929
 0.2395214303472876 0.399956074
 0.2397945301241197 0.400076973
 0.24006394332217248 0.400192308
 0.24033160715241303 0.400308439
 0.24059755906022626 0.400425391
 0.24085992422311686 0.400536824
 0.24112064587431398 0.400649113
 0.2413797594433905 0.400762281
 0.2416353756463333 0.400869965
 0.24189137401533722 0.400984946
 0.24214200469745067 0.401088077
 0.24239308322413233 0.401198546
 0.24264077697431966 0.401303572
 0.24288704635703529 0.401409568
 0.24312997822208288 0.401510133
 0.24337153974605252 0.401611691
 0.24361176013815136 0.401714256
 0.2438506675014975 0.401817842
 0.2440863314645772 0.401916023
 0.2443207312774471 0.402015243
 0.24455193043536408 0.402109062
 0.24478190880113634 0.402203931
 0.24501069368178682 0.402299866
 0.2452383088902746 0.402396878
 0.2454628033977095 0.402488501
 0.24568616987297998 0.402581211
 0.2459084311397797 0.402675017
 0.24612762601265642 0.402763437
 0.2463457530371579 0.402852963
 0.24656283522307804 0.402943602
 0.24677889325146163 0.403035364
 0.2469919505575895 0.403121741
 0.24720401924497976 0.403209245
 0.24741311456203804 0.403291357
 0.24762125471967553 0.403374601
 0.24782845589248825 0.403458983
 0.24803473908836834 0.403544509
 0.24824011937281693 0.403631186
 0.24844260003578064 0.403712465
 0.24864420824246294 0.403794897
 0.24884293925500528 0.40387192
 0.24904082613974937 0.403950095
 0.24923788418842957 0.404029425
 0.249434131136907 0.404109916
 0.2496295799478963 0.404191572
 0.2498222119464427 0.404267806
 0.25001406982928004 0.404345201
 0.25020312945375356 0.404417162
 0.2503934852266005 0.404496887
 0.2505810634611373 0.404571173
 0.2507658702929651 0.404640007
 0.25095201799905464 0.40471662
 0.25113541410590634 0.404787776
 0.25131812461966824 0.404860095
 0.25150016043986667 0.404933577
 0.2516794698609086 0.405001585
 0.2518601924579508 0.405077399
 0.25203820643984004 0.405147728
 0.25221351846424783 0.405212564
 0.2523902805967473 0.405285214
 0.2525643563869285 0.40535236
 0.2527378299927105 0.405420663
 0.25291071132545806 0.405490121
 0.25308092779369973 0.405554055
 0.25325056789864014 0.405619135
 0.25341964162754843 0.405685364
 0.25358816142988966 0.405752742
 0.25375404086904196 0.405814567
 0.25391937891409483 0.405877533
 0.25408418686989875 0.405941637
 0.2542484723993318 0.406006882
 0.25441014024708913 0.406066546
 0.25457340756473074 0.406134064
 0.2547340712589117 0.40619599
 0.25489213034738 0.406252311
 0.255051818314737 0.406316491
 0.2552089147125919 0.406375053
 0.25536554145667256 0.406434734
 0.2555217075975007 0.406495532
 0.2556752933294721 0.406550687
 0.2558305568889061 0.406613711
 0.2559832521211219 0.406671082
 0.2561355133414099 0.406729556
 0.25628521112709884 0.406782356
 0.2564366219657358 0.40684303
 0.2565854804419261 0.406898018
 0.25673392939295087 0.406954097
 0.25688197433166043 0.407011263
 0.2570274764723238 0.407062718
 0.257174735005672 0.407122053
 0.25731945958768415 0.407175663
 0.25746380380433814 0.407230348
 0.25760561833013984 0.407279284
 0.2577492187154552 0.407336107
 0.257890298450812 0.407387171
 0.25803101930950495 0.407439294
 0.2581713856904026 0.407492471
 0.25831140696284166 0.407546705
 0.2584489175905123 0.407595146
 0.2585860886455037 0.407644631
 0.2587229258167176 0.407695155
 0.2588594360476009 0.407746718
 0.2589956238088326 0.407799318
 0.25912931482720697 0.407846086
 0.2592626903492755 0.407893878
 0.25939575612351595 0.407942693
 0.25952851791003684 0.407992528
 0.25966097898729146 0.408043381
 0.25979095530097684 0.408088363
 0.25992063806792576 0.408134352
