 2  .143184085  .0471019887  .0346408873  53.9160686  32.8961063
 3  .200261838  .0446242237  .0388024562  38.4879855  22.2829393
 4  .254920994  .0427782374  .0419789477  29.7071297  16.7809786
 5  .307505926  .0412933901  .0445026564  24.0901409  13.4284859
 6  .357650074  .0400356834  .0465154057  20.2384578  11.1940934
 7  .404937942  .0389352383  .0480984967  17.469501  9.61511241
 8  .449195517  .0379399872  .0493069264  15.3984975  8.44620789
 9  .490516548  .0370254155  .0502054538  13.7974735  7.54825004
 10  .529177698  .036180854  .05086156  12.5243397  6.83718421
 11  .565537638  .0353849096  .051314813  11.4821765  6.25686201
 12  .599959308  .0346323021  .0516117137  10.6099036  5.77244184
 13  .632762593  .0339192615  .0517893084  9.86614263  5.36050358
 14  .664201968  .0332468369  .0518817971  9.22337793  5.00553122
 15  .694461592  .0326078227  .0519033964  8.66019402  4.69541052
 16  .723661471  .0319932405  .051858665  8.16052207  4.42102306
 17  .751869971  .0314131658  .0517765419  7.71670146  4.17800511
 18  .779119197  .0308690638  .0516702957  7.32123156  3.96204636
 19  .805420543  .0303376137  .0515110878  6.96281286  3.7666799
 20  .830778247  .0298415131  .0513421468  6.64166991  3.591995
 21  .855199812  .0293658446  .051145477  6.35045519  3.43379924
 22  .878702545  .0289091637  .0509240849  6.08545402  3.28998292
 23  .901316501  .0284690971  .0506791076  5.84323133  3.15861266
 24  .923084359  .0280514612  .0504255232  5.62232917  3.03888381
 25  .944059133  .0276531638  .0501630414  5.41982614  2.92917708
 26  .964300598  .0272611196  .0498733042  5.23129144  2.82703544
 27  .983871291  .026895593  .0495961111  5.05878519  2.73364954
 28  1.00283256  .0265307587  .0492895885  4.89612209  2.6455821
 29  1.0212412  .0261820553  .0489844892  4.74487989  2.56374844
 30  1.0391468  .025853153  .0486906279  4.60460965  2.48792115
 31  1.05659006  .0255264777  .0483786757  4.47139769  2.41593015
 32  1.07360197  .0252081002  .0480616412  4.3456056  2.34799309
 33  1.09020399  .0249011427  .0477470164  4.22716459  2.28408104
 34  1.10640892  .024596965  .0474201865  4.11417  2.22313509
 35  1.12222249  .0243120337  .0471130412  4.0088827  2.16641833
 36  1.13764534  .024033632  .0468028859  3.90887949  2.11257684
 37  1.1526752  .0237568515  .0464811817  3.81310326  2.06101871
 38  1.16730901  .023494592  .0461730873  3.72330067  2.01271402
 39  1.18154471  .0232408119  .0458678961  3.6382616  1.9669854
 40  1.19538263  .0229895842  .045554909  3.55685233  1.92319878
 41  1.20882626  .0227536888  .0452593658  3.48076548  1.88229605
 42  1.22188241  .0225182004  .0449531832  3.40754563  1.84291059
 43  1.23456095  .0222872164  .0446448804  3.33760683  1.8052747
 44  1.24687392  .0220745647  .0443621266  3.27275003  1.77039268
 45  1.25883456  .0218562692  .0440588004  3.20931215  1.73623046
 46  1.27045603  .0216460665  .0437623314  3.14911111  1.70380288
 47  1.2817503  .0214481024  .0434815362  3.09256381  1.67334483
 48  1.29272719  .021246998  .0431866204  3.03736752  1.64357942
 49  1.30339372  .0210553729  .0429029502  2.98517319  1.61542691
 50  1.31375401  .0208663857  .0426173951  2.93492556  1.58830235
 51  1.32379024  .0206806646  .042331404  2.88667373  1.56223123
 52  1.33348542  .0205062046  .0420609753  2.84146551  1.53778994
 53  1.34287157  .0203378441  .0417963014  2.79843331  1.51450403
 54  1.3519572  .0201687184  .0415240992  2.75657237  1.49181633
 55  1.36075199  .0200014495  .0412499136  2.71615651  1.46988207
 56  1.36926571  .0198386727  .0409793778  2.67745829  1.44885485
 57  1.37750815  .0196829204  .0407179409  2.64073316  1.42887869
 58  1.38548905  .0195366119  .0404708329  2.60621893  1.41008779
 59  1.39321806  .0193828496  .0402041761  2.57164958  1.3912287
 60  1.40070465  .0192432616  .0399620228  2.53977461  1.37382721
 61  1.40795809  .0191007174  .0397099315  2.50831923  1.35662542
 62  1.41498744  .0189573968  .0394525414  2.47752113  1.33975725
 63  1.42180147  .0188249958  .0392138638  2.44882445  1.32402422
 64  1.42840868  .0186958144  .0389784837  2.42119588  1.30885612
 65  1.43481731  .0185619968  .0387305858  2.3936025  1.29368364
 66  1.44103527  .0184351042  .0384939311  2.36746811  1.27929583
 67  1.44707019  .0183070529  .038252202  2.34173813  1.2651116
 68  1.4529294  .0181892161  .0380288165  2.31780137  1.25189951
 69  1.45861993  .0180637175  .0377873889  2.29339548  1.23841154
 70  1.4641485  .0179514162  .0375707419  2.27108559  1.22606526
 71  1.46952158  .017834325  .0373422076  2.24861161  1.21361436
 72  1.47474533  .0177234154  .0371243846  2.2273055  1.20179498
 73  1.47982564  .0176102722  .036900153  2.20610695  1.19002345
 74  1.48476815  .0174960437  .0366719756  2.18513877  1.17836874
 75  1.48957823  .0173915546  .03646217  2.16570262  1.16754892
 76  1.49426101  .0172881476  .0362530837  2.14671862  1.15696974
 77  1.49882138  .0171772208  .0360271525  2.12712679  1.14604856
 78  1.50326402  .0170790028  .0358259981  2.10936493  1.13612796
 79  1.50759336  .0169750507  .0356118301  2.0911821  1.12597011
 80  1.51181367  .0168759139  .035406401  2.07383981  1.11626944
 81  1.51592896  .016782344  .0352113307  2.05741147  1.10706665
 82  1.51994312  .0166854989  .035008521  2.04082153  1.09777127
 83  1.5238598  .0165957121  .034819275  2.02529701  1.08905767
 84  1.52768251  .0165040146  .0346252177  2.00975203  1.08033014
 85  1.5314146  .0164110498  .0344277286  1.99425495  1.07162684
 86  1.53505924  .0163174448  .0342281538  1.97887217  1.0629847
 87  1.53861947  .0162334111  .0340475347  1.96480677  1.05506341
 88  1.54209819  .016140259  .0338475025  1.94983145  1.04664275
 89  1.54549817  .016057713  .0336686456  1.9362758  1.03899916
 90  1.54882203  .0159670033  .0334724237  1.9219111  1.03091272
 91  1.55207229  .0158878753  .0332994618  1.9090618  1.02365562
 92  1.55525137  .015801547  .0331112008  1.89550585  1.01601241
 93  1.55836155  .0157180556  .0329283002  1.88241987  1.00862701
 94  1.56140503  .0156377405  .0327514887  1.86983644  1.00151724
 95  1.56438389  .0155610023  .0325816178  1.85779546  .994704842
 96  1.56730015  .0154881568  .0324193593  1.84632692  .988206172
 97  1.57015572  .0154100508  .0322459549  1.83435576  .981434551
 98  1.57295244  .0153269445  .0320619682  1.82191009  .974406099
 99  1.57569206  .0152583136  .0319073919  1.81125615  .96835632
 100  1.57837625  .0151852841  .0317435137  1.80018804  .96208265
 101  1.58100664  .0151081411  .0315709493  1.78873705  .955602639
 102  1.58358476  .0150367047  .0314098574  1.77804072  .949535834
 103  1.58611209  .0149617148  .0312412772  1.76702027  .943294923
 104  1.58859005  .0148928826  .0310851213  1.75679768  .937490612
 105  1.59102001  .0148209322  .0309224047  1.74629499  .931536505
 106  1.59340327  .0147555856  .0307730524  1.73663347  .926042129
 107  1.5957411  .0146875535  .0306180598  1.72673602  .920422087
 108  1.59803468  .014616982  .0304577439  1.7166176  .914684904
 109  1.60028521  .0145536156  .0303120553  1.70739907  .909438865
 110  1.60249378  .0144880927  .0301618523  1.69799819  .904096657
 111  1.60466147  .0144206102  .0300075611  1.68843628  .898669933
 112  1.60678932  .0143512962  .0298494571  1.67872624  .893166016
 113  1.60887834  .0142898164  .0297072914  1.66997583  .888185024
 114  1.61092947  .0142267721  .0295618731  1.66110285  .883140596
 115  1.61294366  .0141624055  .0294137199  1.65213407  .878047128
 116  1.61492179  .0141061853  .029282141  1.64415142  .873490309
 117  1.61686473  .0140394271  .0291290517  1.63501395  .86831179
 118  1.61877332  .0139810687  .0289930663  1.62688736  .863682919
 119  1.62064836  .0139218537  .0288553271  1.61871081  .859029882
 120  1.62249064  .0138618139  .0287159027  1.61048624  .854354015
 121  1.62430091  .0138104793  .0285941921  1.6032995  .85024143
 122  1.62607989  .0137491859  .0284522347  1.59502008  .845541846
 123  1.62782831  .013696809  .028328423  1.58779875  .841416072
 124  1.62954684  .0136346203  .0281846955  1.57950034  .836712392
 125  1.63123614  .0135815059  .028059432  1.57227425  .832589813
 126  1.63289686  .0135281407  .027933687  1.56505707  .828474906
 127  1.63452963  .0134746271  .0278076777  1.55785953  .824373378
 128  1.63613504  .0134116734  .0276625747  1.5496254  .819716776
 129  1.63771369  .0133580758  .0275364959  1.5424887  .815653912
 130  1.63926614  .0133137837  .0274293073  1.53644046  .812179506
 131  1.64079295  .0132602983  .0273035547  1.52938142  .808164022
 132  1.64229466  .0132070239  .0271782923  1.52237773  .804181139
 133  1.64377179  .0131539529  .0270535064  1.51542743  .800229873
 134  1.64522485  .0131011586  .0269293482  1.50853788  .79631417
 135  1.64665433  .0130487375  .0268060219  1.50171944  .792439388
 136  1.64806071  .0130059345  .0267021827  1.49601625  .789165985
 137  1.64944446  .012954306  .0265806011  1.48934159  .785373883
 138  1.65080603  .012903155  .0264600656  1.48274709  .781627568
 139  1.65214587  .0128525387  .026340694  1.47623842  .777930019
 140  1.65346441  .0128116552  .0262410061  1.4708528  .774837069
 141  1.65476207  .0127622021  .026124143  1.46452352  .77124091
 142  1.65603926  .012713354  .0260085863  1.45828558  .767696412
 143  1.65729638  .0126652126  .0258945456  1.45214997  .764209274
 144  1.65853381  .0126177387  .0257819381  1.44611131  .760776697
 145  1.65975193  .0125710299  .0256709623  1.44018006  .75740414
 146  1.66095112  .0125250423  .0255615275  1.43435046  .754088551
 147  1.66213174  .0124890091  .025472157  1.42966152  .751385031
 148  1.66329413  .0124446224  .0253661141  1.424051  .748191326
 149  1.66443863  .012391969  .025243609  1.41752939  .74451342
 150  1.66556559  .0123493354  .025141285  1.41215355  .741449958
 151  1.66667533  .0123075659  .025040786  1.40689247  .738450115
 152  1.66776817  .0122666893  .0249421689  1.40174885  .735515258
 153  1.66884441  .0122267608  .0248455433  1.39672839  .732648333
 154  1.66990437  .0121786982  .0247327649  1.39081035  .729305125
 155  1.67094833  .0121406673  .0246401301  1.38603508  .726573469
 156  1.67197659  .012094567  .0245314902  1.38036909  .723369398
 157  1.67298943  .0120585268  .0244430262  1.37584756  .720777227
 158  1.67398713  .0120144491  .0243386351  1.37043832  .717714546
 159  1.67496995  .0119804278  .0242543859  1.36617164  .715262254
 160  1.67593815  .0119384506  .0241543928  1.36102622  .712344342
 161  1.67689201  .0118975273  .0240566063  1.3560125  .709498721
 162  1.67783175  .0118576742  .0239610549  1.35113183  .706726058
 163  1.67875764  .0118188792  .0238677137  1.34638255  .704025342
 164  1.67966991  .0117812112  .023776717  1.34177197  .70140038
 165  1.6805688  .0117446563  .0236880333  1.33729811  .69885007
 166  1.68145453  .0117002203  .0235838207  1.33195311  .69583923
 167  1.68232733  .0116658827  .023499747  1.32775079  .693437151
 168  1.68318742  .0116326667  .023417994  1.32368507  .691109415
 169  1.68403501  .0115916276  .0233208488  1.31875415  .688324623
 170  1.68487031  .0115517735  .0232261667  1.31396671  .685617963
 171  1.68569353  .0115219973  .0231515263  1.31031754  .68351673
 172  1.68650486  .0114844493  .0230616174  1.30580848  .680961528
 173  1.6873045  .0114480568  .0229741003  1.30143851  .678481967
 174  1.68809264  .0114128536  .02288904  1.29721121  .676079816
 175  1.68886948  .0113788192  .0228063907  1.29312391  .67375362
 176  1.68963518  .0113370891  .0227086712  1.28818489  .670978515
 177  1.69038994  .0113054172  .022630892  1.28437964  .668805284
 178  1.69113392  .0112749573  .0225555996  1.28071852  .666709899
 179  1.6918673  .011236813  .0224652802  1.27620655  .66416633
 180  1.69259025  .0111998776  .0223774523  1.27183795  .661700467
 181  1.69330292  .0111729853  .0223094793  1.26860004  .659833815
 182  1.69400549  .0111384427  .0222265649  1.26451465  .657521051
 183  1.6946981  .0111051179  .0221461484  1.26057294  .655285916
 184  1.69538091  .0110729865  .0220681788  1.25677203  .653126765
 185  1.69605407  .0110332516  .0219754019  1.2521288  .650524759
 186  1.69671773  .0110035725  .0219024525  1.24861622  .648521098
 187  1.69737203  .0109750643  .0218318918  1.24524118  .646591562
 188  1.69801712  .0109390059  .0217466486  1.2410295  .644222358
 189  1.69865312  .0109129555  .0216810949  1.23794224  .64244756
 190  1.69928019  .0108793173  .0216007948  1.23401378  .64023093
 191  1.69989844  .0108468671  .0215229228  1.23022425  .638089126
 192  1.70050802  .0108156832  .0214476294  1.22658233  .636026592
 193  1.70110904  .0107856855  .0213747498  1.22307867  .634038461
 194  1.70170163  .0107569391  .0213044131  1.21972073  .632128391
 195  1.70228592  .0107206294  .0212194268  1.21552375  .629778423
 196  1.70286201  .0106942958  .0211539895  1.21244631  .628018928
 197  1.70343005  .0106604378  .0210739937  1.20853414  .625821872
 198  1.70399012  .0106365239  .0210134549  1.20573751  .624212765
 199  1.70454236  .0106050957  .0209383893  1.2021071  .622166746
 200  1.70508686  .0105748829  .0208657871  1.19861735  .620196137
 201  1.70562374  .0105458826  .0207956401  1.1952679  .618300645
 202  1.70615311  .0105180919  .0207279382  1.19205831  .616479954
 203  1.70667506  .0104915077  .0206626714  1.1889881  .614733756
 204  1.70718971  .010457422  .0205829496  1.18508496  .61255184
 205  1.70769714  .0104332482  .0205225455  1.18229292  .610954244
 206  1.70819747  .0104015808  .0204477136  1.17866865  .608921453
 207  1.70869078  .0103797771  .0203920744  1.17614971  .607469605
 208  1.70917717  .0103505127  .0203220842  1.17280209  .60558454
 209  1.70965673  .0103224479  .0202545121  1.16959258  .603773126
 210  1.71012956  .0102955778  .0201893416  1.16652036  .60203496
 211  1.71059575  .0102698982  .0201265631  1.16358503  .600369682
 212  1.71105538  .0102367858  .0200495303  1.15982379  .5982732
 213  1.71150854  .0102134805  .019991515  1.15716093  .596753117
 214  1.71195531  .0101913006  .0199357508  1.15462728  .595301791
 215  1.71239578  .0101617206  .0198658155  1.15127128  .593421262
 216  1.71283003  .010133348  .0197983021  1.14805355  .591614333
 217  1.71325814  .0101061255  .0197330952  1.14496755  .589877569
 218  1.71368019  .010080048  .0196701807  1.14201265  .58821057
 219  1.71409627  .0100551873  .0196096952  1.13919693  .586617422
 220  1.71450643  .0100314351  .0195514236  1.1365081  .585091714
 221  1.71491077  .0100088629  .019495501  1.13395414  .583637532
 222  1.71530935  .00997886746  .0194254186  1.13057445  .581753226
 223  1.71570225  .00995859435  .019374074  1.12828325  .580438381
 224  1.71608953  .00993092611  .0193086362  1.12516935  .578695104
 225  1.71647128  .00990437819  .0192454343  1.12218331  .577019745
 226  1.71684755  .00987896986  .0191845014  1.11932722  .575413341
 227  1.71721842  .00985472061  .0191258747  1.11660344  .573876945
 228  1.71758396  .00983157344  .0190694358  1.11400525  .572407154
 229  1.71794422  .00980957288  .01901527  1.11153781  .571006483
 230  1.71829928  .00978868812  .0189633118  1.10919747  .569673061
 231  1.7186492  .00976040337  .018897309  1.10603323  .567911321
 232  1.71899404  .00974173689  .0188497408  1.10394562  .566711498
 233  1.71933387  .00971569709  .0187881913  1.10103698  .56508496
 234  1.71966874  .0096907615  .0187288305  1.09825391  .563524898
 235  1.71999871  .00966694837  .0186716918  1.09559856  .562032302
 236  1.72032386  .0096442005  .0186166587  1.09306428  .560603776
 237  1.72064422  .00962253724  .0185637681  1.09065344  .559240378
 238  1.72095986  .00960197704  .0185130499  1.08836798  .557943113
 239  1.72127085  .00957408502  .0184484807  1.08526549  .556221877
 240  1.72157722  .00955569196  .0184020325  1.08322638  .555054506
 241  1.72187905  .00952991746  .0183416474  1.08036438  .55346033
 242  1.72217638  .0095136658  .0182994053  1.07856866  .552421107
 243  1.72246926  .00949003226  .0182432365  1.07594981  .550955102
 244  1.72275775  .00946750047  .0181892346  1.07345601  .549554949
 245  1.7230419  .00944598811  .0181372376  1.07107789  .54821581
 246  1.72332176  .00942553893  .0180873272  1.06882045  .546940167
 247  1.72359739  .00940614597  .0180394865  1.06668292  .54572756
 248  1.72386882  .0093793843  .0179777895  1.06372317  .544089212
 249  1.72413612  .00936206505  .0179340121  1.06182091  .543000343
 250  1.72439933  .0093374018  .0178764359  1.05909902  .54148721
 251  1.72465849  .00932215466  .0178367044  1.05743181  .540521774
 252  1.72491365  .00929951264  .0177830878  1.05493902  .539129169
 253  1.72516487  .00927795003  .0177315836  1.05256864  .537800774
 254  1.72541218  .00925738435  .0176820291  1.05031121  .536531761
 255  1.72565563  .00923780899  .0176344084  1.048166  .535321697
 256  1.72589526  .00921926757  .0175888013  1.04613793  .534173062
 257  1.72613112  .0091933934  .0175294749  1.04329084  .532601102
 258  1.72636326  .00917685528  .0174877723  1.04148975  .531571512
 259  1.72659171  .00915298409  .0174323591  1.03886934  .530118618
 260  1.72681651  .00913837297  .0173944017  1.03728654  .529203476
 261  1.72703771  .00911650296  .0173428873  1.03489275  .527869364
 262  1.72725534  .00909556459  .0172931881  1.03260425  .526590619
 263  1.72746946  .00907562606  .0172454348  1.03042903  .525371145
 264  1.72768009  .00905663065  .0171995127  1.02836045  .524207619
 265  1.72788727  .00903862184  .017155504  1.0264036  .523102518
 266  1.72809106  .00902159263  .017113392  1.0245577  .522055397
 267  1.72829147  .00899724094  .0170576497  1.02189274  .520585855
 268  1.72848856  .0089821085  .0170192111  1.02026151  .519651025
 269  1.72868235  .00895965338  .0169671524  1.017811  .518293797
 270  1.72887288  .00894639198  .0169323253  1.01639151  .517469623
 271  1.7290602  .00892583236  .0168839357  1.01415536  .5162245
 272  1.72924433  .00890622595  .0168373928  1.0120271  .515035719
 273  1.72942531  .00888754179  .0167926319  1.01000306  .513901454
 274  1.72960317  .00886974963  .0167495926  1.00807977  .512819923
 275  1.72977795  .00885291643  .0167084025  1.00626512  .511794964
 276  1.72994968  .00882879637  .0166537145  1.0036344  .510349894
 277  1.7301184  .00881376992  .0166160067  1.00202396  .509431606
 278  1.73028413  .00879965969  .0165800583  1.00051732  .508567324
 279  1.73044691  .00877828658  .0165306725  .998197013  .507284362
 280  1.73060677  .00875780506  .0164830084  .9959774  .506054014
 281  1.73076375  .00874636846  .0164521905  .994773158  .505347334
 282  1.73091787  .00872769323  .0164079983  .992757818  .504223418
 283  1.73106916  .00870989158  .0163654845  .990841116  .503150989
 284  1.73121765  .00869295672  .0163246362  .989022449  .502129627
 285  1.73136337  .00867690726  .0162854837  .987303845  .50116038
 286  1.73150636  .00865360674  .0162329712  .984772133  .499773316
 287  1.73164663  .00863931651  .0161971909  .983252429  .498907591
 288  1.73178423  .00862589424  .0161630668  .981830943  .498092897
 289  1.73191917  .00860522091  .0161155972  .979595979  .496860423
 290  1.73205148  .00858539134  .0160697473  .977456176  .495677607
 291  1.7321812  .0085745494  .0160405479  .976326579  .495014575
 292  1.73230834  .00855640877  .0159979287  .974377713  .493931049
 293  1.73243294  .00853916713  .0159570262  .972530468  .492900299
 294  1.73255502  .00852274645  .0159176917  .970775963  .491917796
 295  1.7326746  .00850718957  .0158800037  .969119165  .490985992
 296  1.73279171  .00849241845  .0158438124  .96755112  .490100362
 297  1.73290638  .00847045766  .0157944487  .965175579  .48880065
 298  1.73301863  .00845739131  .015761503  .963800358  .488015025
 299  1.73312849  .00843706391  .0157152592  .961609134  .486811219
 300  1.73323597  .00842563244  .0156854177  .960418824  .486121485
 301  1.73334111  .00840696477  .0156423354  .958415165  .485015022
 302  1.73344392  .00839717109  .0156155942  .957410238  .484421272
 303  1.73354443  .00838011645  .0155755762  .955588908  .483409383
 304  1.73364267  .00836388783  .0155371273  .953860972  .482445891
 305  1.73373865  .00834845561  .0155001895  .952223049  .481529071
 306  1.73383239  .00833383815  .0154647939  .950677226  .480659963
 307  1.73392393  .00831199661  .0154162286  .948318685  .47937493
 308  1.73401327  .0082989508  .015383813  .946950567  .478597882
 309  1.73410045  .00828670438  .015352904  .945672882  .477867611
 310  1.73418548  .00826725832  .0153088854  .943584908  .476722844
 311  1.73426838  .00825655215  .0152808844  .942481528  .476082725
 312  1.73434917  .00823867116  .0152398293  .940570433  .475029555
 313  1.73442788  .00822153168  .0152001795  .938743029  .474019806
 314  1.73450453  .00821317171  .015176591  .937905196  .47351688
 315  1.73457912  .00819758987  .015139878  .936254042  .472598209
 316  1.73465169  .00818280587  .0151046693  .934693192  .471726163
 317  1.73472226  .00816874316  .0150708187  .933213775  .470896314
 318  1.73479083  .00814749478  .0150239407  .930924589  .46965286
 319  1.73485744  .00813495918  .0149929674  .929617912  .468912257
 320  1.7349221  .0081231779  .0149634088  .928396665  .468215715
 321  1.73498482  .00810421208  .0149208389  .926365377  .467105647
 322  1.73504563  .00809388038  .0148940008  .925308144  .466493804
 323  1.73510455  .0080764123  .0148542512  .923446215  .46547122
 324  1.73516159  .00806758237  .0148302216  .922559106  .464947037
 325  1.73521676  .00805159214  .0147932472  .920864392  .46401074
 326  1.7352701  .008036313  .0147576081  .919249975  .463115973
 327  1.7353216  .0080217395  .0147232944  .917715409  .462262412
 328  1.7353713  .00800793767  .0146904247  .916268228  .461453849
 329  1.73541921  .00799483169  .0146588572  .914899771  .460685904
 330  1.73546535  .00798242857  .0146286032  .913610892  .459958973
 331  1.73550972  .00797075877  .0145997171  .912405149  .459274799
 332  1.73555235  .00795190688  .0145578937  .910388113  .458177299
 333  1.73559326  .00794163512  .0145316178  .90934068  .45757467
 334  1.73563246  .00792421784  .0144924811  .907485883  .456560824
 335  1.73566996  .00791538389  .0144688815  .906601518  .456041994
 336  1.73570578  .00789933386  .0144323005  .904901396  .455107884
 337  1.73573994  .007883999  .0143970575  .903282309  .45421545
 338  1.73577246  .00786939747  .0143631818  .901746265  .453365729
 339  1.73580334  .0078632925  .0143446474  .901171315  .453005955
 340  1.7358326  .00785002017  .0143132427  .899785854  .452233709
 341  1.73586027  .00783744369  .0142831319  .898479285  .451501993
 342  1.73588634  .00781771043  .0142401937  .896362888  .450358428
 343  1.73591084  .00780649183  .0142126086  .895210081  .449705805
 344  1.73593379  .00779593145  .0141862438  .894131991  .449091521
 345  1.73595519  .0077782397  .014147113  .89224666  .448066849
 346  1.73597506  .00776900923  .0141232119  .891319329  .447530003
 347  1.73599341  .00775262522  .0140865139  .889581946  .446581488
 348  1.73601027  .00774473045  .0140650815  .888806268  .446122388
 349  1.73602563  .00772968209  .014030863  .887220371  .445251611
 350  1.73603952  .00771529765  .0139978761  .885709635  .444419471
 351  1.73605195  .00770935036  .0139800332  .885155087  .444073713
 352  1.73606293  .00769622789  .0139493794  .883787455  .443315029
 353  1.73607248  .00768380203  .0139200133  .882498968  .442596844
 354  1.73608061  .00767195213  .0138917121  .881275664  .441912207
 355  1.73608733  .00765303111  .013850816  .879250539  .44082063
 356  1.73609266  .00764249867  .0138249495  .878176772  .440212603
 357  1.7360966  .00763259878  .0138002458  .877174807  .439641365
 358  1.73609917  .00762330411  .0137766542  .876241571  .439105336
 359  1.73610039  .00760689339  .013740406  .874500885  .438159765
 360  1.73610026  .00759885804  .01371913  .873710751  .437696958
 361  1.7360988  .00758370829  .01368521  .872113113  .436824694
 362  1.73609602  .00756917946  .0136524374  .870585861  .435988526
 363  1.73609194  .00756296367  .0136344997  .870002522  .435631519
 364  1.73608655  .00754965836  .0136039778  .868614201  .434866473
 365  1.73607989  .00753696128  .0135745744  .867294842  .434136778
 366  1.73607194  .00752486824  .0135462828  .866044134  .433442189
 367  1.73606274  .00751337544  .0135190923  .864861533  .432782482
 368  1.73605229  .00750250165  .0134930366  .863749333  .432158737
 369  1.7360406  .00749217374  .0134679823  .86269913  .431566735
 370  1.73602769  .0074824914  .0134441072  .861722425  .431012216
 371  1.73601355  .00746568793  .0134076362  .859935871  .430047791
 372  1.73599821  .00745716316  .0133858805  .85909071  .429560532
 373  1.73598168  .00744156555  .0133516259  .857441063  .428666133
 374  1.73596397  .00743421744  .0133320175  .856729752  .42824722
 375  1.73594508  .00741975231  .0132998407  .855208626  .427418609
 376  1.73592503  .007413566  .0132823491  .854629715  .427067177
 377  1.73590382  .00740026425  .0132522993  .85324079  .426306121
 378  1.73588148  .00738757575  .0132233727  .851921712  .425580654
 379  1.735858  .00737542806  .0131954345  .85066395  .424886601
 380  1.7358334  .00736386322  .0131685607  .849472504  .424226381
 381  1.73580769  .00735287745  .0131427428  .848346974  .423599773
 382  1.73578088  .00734242183  .0131178913  .847281692  .423003959
 383  1.73575297  .00733253857  .013094081  .846281614  .422441367
 384  1.73572398  .00732324708  .0130713455  .845349042  .421913112
 385  1.73569392  .00731447554  .0130495539  .844475637  .421415058
 386  1.73566279  .00729865345  .0130153767  .842798366  .420511028
 387  1.73563061  .00729100724  .0129956292  .842053203  .420078282
 388  1.73559738  .00728389399  .012976844  .841368764  .419676479
 389  1.73556312  .00726973326  .0129456938  .839880503  .41886885
 390  1.73552782  .00725610842  .0129155204  .838453045  .418092314
 391  1.73549151  .00725065086  .0128997324  .837957504  .417786594
 392  1.73545418  .00723810428  .0128715181  .836652897  .417072623
 393  1.73541586  .00722612921  .0128443411  .835413362  .416391794
 394  1.73537653  .00721467665  .0128181129  .834233284  .415741282
 395  1.73533623  .00720378866  .0127929078  .833117613  .41512351
 396  1.73529494  .00719339423  .0127685972  .832058086  .414534385
 397  1.73525269  .0071835581  .012745296  .831062304  .413977638
 398  1.73520948  .00717423181  .0127229159  .830124641  .413450474
 399  1.73516531  .00716543536  .0127014907  .829247403  .412954047
 400  1.7351202  .00715716514  .0126810146  .828430334  .412488147
 401  1.73507415  .00714187284  .0126482831  .826810375  .411617731
 402  1.73502717  .00713465053  .0126296973  .826112924  .411212612
 403  1.73497926  .00712794581  .0126120395  .825474607  .410837522
 404  1.73493045  .00711422226  .0125821467  .824033456  .410058067
 405  1.73488072  .00710854746  .0125663408  .823512929  .40974272
 406  1.7348301  .00709585606  .0125383118  .822189502  .409023112
 407  1.73477858  .00708365606  .0125111717  .820922015  .408331998
 408  1.73472618  .00707950474  .012498097  .820575691  .408105027
 409  1.7346729  .00706834069  .0124728205  .819426587  .407473979
 410  1.73461875  .00705768101  .0124484526  .818335049  .406872173
 411  1.73456374  .00704750014  .0124249456  .817298054  .406298137
 412  1.73450787  .00703783968  .0124023745  .816320639  .405754268
 413  1.73445114  .0070286741  .0123806917  .815399784  .405239094
 414  1.73439358  .00702002243  .0123599289  .814537693  .404753714
 415  1.73433518  .00701183715  .0123400024  .813728954  .404295388
 416  1.73427595  .00699665497  .0123079436  .812117964  .403433778
 417  1.7342159  .00698946349  .0122897977  .811422835  .403033065
 418  1.73415503  .00698272816  .0122724656  .810779899  .402658819
 419  1.73409335  .00696904396  .0122431018  .809340071  .401884013
 420  1.73403087  .00696328293  .0122275101  .80880873  .40156626
 421  1.7339676  .00695055186  .0121998567  .807477686  .400846698
 422  1.73390354  .00694577398  .0121860168  .807059119  .400585952
 423  1.73383869  .00693396081  .0121600072  .805832861  .399919604
 424  1.73377307  .00692265956  .0121349161  .804665274  .399282911
 425  1.73370668  .00691182227  .0121106562  .803550696  .398673107
 426  1.73363952  .00690892954  .0121001687  .803348405  .398521691
 427  1.73357161  .00689900499  .0120775354  .802338286  .397964811
 428  1.73350295  .00688955622  .0120557522  .801382734  .397435506
 429  1.73343355  .00688060227  .0120348499  .800483895  .396934874
 430  1.73336341  .00687207301  .0120147055  .799633688  .396458872
 431  1.73329254  .00685659008  .0119825815  .797983956  .395581815
 432  1.73322095  .00684899291  .0119640983  .797240478  .395159828
 433  1.73314864  .00684183316  .0119463916  .796547165  .394763208
 434  1.73307561  .00683512958  .0119294935  .795906251  .394393039
 435  1.73300189  .00682146507  .0119006211  .794464478  .393621329
 436  1.73292746  .00681565771  .011885314  .793926403  .393303116
 437  1.73285234  .0068102649  .0118707393  .793435926  .393008956
 438  1.73277654  .00679794713  .0118442666  .792148417  .392315279
 439  1.73270006  .00678605802  .0118185595  .790909888  .391646436
 440  1.7326229  .00678197747  .0118063067  .790570076  .391428364
 441  1.73254508  .00677099964  .0117822181  .789436136  .390812321
 442  1.73246659  .0067604217  .0117588418  .78834788  .390219455
 443  1.73238745  .00675765661  .0117489089  .78815944  .390077671
 444  1.73230766  .00674795707  .0117270867  .787172015  .389535718
 445  1.73222722  .00673867549  .0117060067  .786232548  .389017988
 446  1.73214615  .00672983262  .0116857025  .78534339  .388525682
 447  1.73206444  .00672145049  .0116662129  .784507226  .388060071
 448  1.7319821  .00671348514  .0116474597  .7837189  .387618621
 449  1.73189914  .00670593731  .0116294433  .782978523  .387201376
 450  1.73181556  .00669885268  .0116122437  .782291562  .386810976
 451  1.73173137  .00668482607  .0115831791  .780803261  .386019806
 452  1.73164657  .00667861023  .0115675116  .780216065  .385679754
 453  1.73156116  .00667282094  .0115525928  .779677965  .385364438
 454  1.73147515  .00666017683  .0115259756  .778348481  .38465333
 455  1.73138855  .00665527816  .0115126222  .777912895  .384389637
 456  1.73130135  .00664352124  .0114875712  .776685152  .383729918
 457  1.73121355  .00663953592  .0114758187  .776354826  .383519174
 458  1.73112517  .00662869254  .0114523768  .775232055  .382912377
 459  1.7310362  .00661834257  .0114298052  .77416609  .382334152
 460  1.73094664  .00661577899  .0114205378  .77399971  .382205832
 461  1.73085649  .00660639923  .0113996666  .773045416  .381683823
 462  1.73076576  .0065975249  .0113796822  .772149311  .381191092
 463  1.73067444  .00658914865  .0113605706  .77131053  .380727218
 464  1.73058253  .00658130852  .0113423967  .770533573  .380294403
 465  1.73049004  .0065740105  .0113251697  .76981915  .379892999
 466  1.73039695  .00656726381  .0113089043  .769168342  .379523543
 467  1.73030327  .00656107913  .0112936176  .768582408  .379186658
 468  1.73020898  .00654821454  .0112669992  .767223149  .378463793
 469  1.73011409  .00654325097  .0112538384  .766778196  .378197658
 470  1.73001859  .00653162601  .0112293854  .765561801  .37754658
 471  1.72992246  .00652795287  .0112184656  .765266037  .377355229
 472  1.72982571  .00651766746  .011196344  .764204209  .376781742
 473  1.72972833  .00651538496  .0111878322  .764069409  .376670999
 474  1.72963029  .00650659318  .0111683032  .763180359  .376184044
 475  1.72953159  .00649854091  .0111500573  .762376704  .375739937
 476  1.72943223  .00649132742  .0111332643  .761670165  .375344424
 477  1.72933217  .00648495676  .0111179292  .76106119  .374997752
 478  1.72923141  .00647225245  .0110919  .759717561  .374284923
 479  1.72912993  .00646771847  .0110797399  .759321316  .374044677
 480  1.72902771  .00645690739  .0110569877  .758196685  .373441521
 481  1.72892474  .00645440184  .0110483234  .758035648  .373318843
 482  1.72882099  .00644574386  .0110292873  .757160623  .372840445
 483  1.72871644  .00643821386  .011012196  .756416325  .37242741
 484  1.72861106  .00643188571  .0109971733  .755811396  .37208403
 485  1.72850485  .00642679559  .0109842803  .755350173  .371812414
 486  1.72839776  .00641583603  .0109615178  .754207204  .371201363
 487  1.72828977  .0064135192  .0109533888  .754068107  .371090503
 488  1.72818087  .00640543149  .0109355621  .753258473  .370645898
 489  1.72807101  .00639887878  .0109203719  .752627145  .370290268
 490  1.72796019  .00639396098  .0109079848  .752185784  .370029416
 491  1.72784836  .00638354307  .0108863771  .751104998  .369450423
 492  1.72773551  .00638212582  .0108799871  .751070646  .369392525
 493  1.72762161  .00637539021  .0108646883  .750417877  .369027
 494  1.72750664  .00636343959  .010840667  .749158431  .368359775
 495  1.72739058  .00636074317  .0108322818  .748975418  .368228427
 496  1.72727341  .00635299133  .0108154469  .748204148  .367804616
 497  1.72715511  .00634755654  .0108025732  .747702549  .367515142
 498  1.72703566  .00634443652  .0107936512  .747470238  .367359901
 499  1.72691507  .00633658876  .0107768475  .746687544  .366931117
 500  1.72679333  .00633134062  .0107644818  .746207471  .366653062
