 0.012141370367383903 0.0759710216
 0.02061472481501883 0.125071419
 0.02826280428714433 0.159273344
 0.03529781433087038 0.184622854
 0.04177725751118358 0.204155976
 0.04772681970229454 0.219595318
 0.05318442428520562 0.232056205
 0.05820502484965954 0.242324084
 0.06285111490809255 0.250956567
 0.06718366836574151 0.25836604
 0.07125736518449526 0.26484273
 0.07511841185480274 0.27060394
 0.07880010386952131 0.275805881
 0.08232795063392093 0.280548891
 0.08571807436370867 0.284919446
 0.08898165749072653 0.288968075
 0.09212390963515941 0.292732141
 0.09514855796023472 0.296236127
 0.0980579843690939 0.299509869
 0.10085593031001173 0.302572904
 0.10354587548163306 0.305435946
 0.10613369131138992 0.308126085
 0.10862338682930045 0.310652968
 0.1110244022504297 0.313037605
 0.1133426373152861 0.315292003
 0.11558596189524163 0.317428205
 0.11776112960963116 0.319472742
 0.11987616077388027 0.321425626
 0.12193439369557514 0.323300179
 0.12394184170043232 0.325102508
 0.1259014295900745 0.326846796
 0.12781488498096344 0.328529529
 0.12968593866216588 0.33016071
 0.13151238426395256 0.331738228
 0.13329652472966178 0.333263849
 0.1350361456478424 0.334738456
 0.13673424285118493 0.336167801
 0.13838750223726343 0.337546918
 0.139998273869945 0.338881715
 0.1415671267540346 0.340167778
 0.14309388171955664 0.341406503
 0.1445798023367359 0.342605186
 0.1460275640472067 0.343760662
 0.14743767965321608 0.344875378
 0.1488117850156843 0.345957285
 0.15015137105826756 0.346997765
 0.15145887180114181 0.348009807
 0.1527328006788386 0.348983984
 0.15397368446552445 0.349926926
 0.15518193802061137 0.350836304
 0.15635318125944764 0.35171071
 0.1574924524438803 0.352548617
 0.15860080679599198 0.353356649
 0.15967943416124364 0.354136619
 0.16072825585135556 0.3548846
 0.16174844402184066 0.355607928
 0.16274245704781615 0.356302663
 0.16371016999517024 0.35697049
 0.16465271409215587 0.357613068
 0.1655711961327505 0.358232031
 0.16646669541396295 0.358834693
 0.16734025964870056 0.359411197
 0.16819290407362683 0.359963025
 0.16902426245290458 0.360503099
 0.16983661449295484 0.361021359
 0.1706295093565927 0.361519133
 0.17140517112030187 0.362003484
 0.1721630658768227 0.362469885
 0.17290398058979262 0.362925317
 0.173628668859742 0.36335932
 0.17433924621170924 0.363784581
 0.17503362010328116 0.364190509
 0.17571383737120438 0.364589733
 0.17638194114293837 0.36497153
 0.17703571248197852 0.365342625
 0.17767713287755432 0.365703876
 0.1783053189467777 0.366056096
 0.1789222128105175 0.366394176
 0.17952831381486098 0.366724726
 0.18012409764716872 0.367048446
 0.1807085656260378 0.367360101
 0.18128213429258314 0.367666219
 0.1818466655943833 0.367961481
 0.18240108482458128 0.368246441
 0.18294722834505908 0.36852757
 0.18348397578254877 0.36879944
 0.18401165573073852 0.369062528
 0.1845320717692918 0.369323249
 0.1850440419785361 0.369576082
 0.18554785198544577 0.369821437
 0.18604377382450843 0.370065692
 0.18653357824778058 0.370297245
 0.18701449667345513 0.37052843
 0.187489792732178 0.370753594
 0.1879581822189298 0.370973051
 0.1884198825964695 0.371187107
 0.18887510064391785 0.371396047
 0.1893240355099453 0.371600146
 0.18976687678108578 0.371799662
 0.1902038065230248 0.371994843
 0.19063499955730825 0.372185926
 0.19106062320306974 0.372379207
 0.19148083766549864 0.372562765
 0.19189736301580324 0.372742868
 0.19230721959627933 0.37291971
 0.19271053653129117 0.373093478
 0.19311059477134063 0.373264345
 0.19350595595113873 0.373432483
 0.19389674580575286 0.373591937
 0.1942814947478494 0.373755083
 0.1946634981233918 0.37391596
 0.19503968235545502 0.374068573
 0.1954117468840508 0.374219175
 0.19578140515853434 0.374374046
 0.19614554624889824 0.374521016
 0.19650425581474093 0.37466018
 0.19686085611551615 0.374803967
 0.19721382650095307 0.37494633
 0.197561627274467 0.375081188
 0.1979059636109741 0.375214809
 0.19824691810894463 0.375347283
 0.19858457103619412 0.375478703
 0.19891899895416337 0.375609149
 0.19924863106350818 0.375738709
 0.1995751787763781 0.37586124
 0.1998987127488384 0.375983024
 0.20021930100797683 0.37610413
 0.20053701084290895 0.37622463
 0.20085190599071193 0.376338349
 0.20116238063061825 0.376457823
 0.20147015726276424 0.37657063
 0.20177529471561867 0.376683064
 0.20207617147467583 0.376788922
 0.20237619863138392 0.376900775
 0.20267206837546847 0.377006146
 0.20296551304442945 0.377111344
 0.20325658418205866 0.377216417
 0.20354533222431972 0.377321412
 0.2038301056722231 0.377420074
 0.20411264601464124 0.377518734
 0.2043929992511156 0.37761743
 0.2046712110663246 0.377716202
 0.20494561172470369 0.377815084
 0.20521795162280887 0.377907795
 0.2054899922298092 0.378000676
 0.20575661490763336 0.378093762
 0.20602301950295532 0.378180747
 0.20628579537587693 0.378274334
 0.20654670393627786 0.378361869
 0.2068057821984752 0.37844972
 0.20706306645902325 0.378537912
 0.20731684993499291 0.378620111
 0.2075706489680592 0.378702694
 0.2078210090037447 0.378785684
 0.2080679539568425 0.378869107
 0.20831501670035102 0.378952985
 0.20855872183604482 0.379030949
 0.20880085208373309 0.379109401
 0.2090414378278505 0.379188361
 0.2092805082465947 0.379267847
 0.20951632200205098 0.379341471
 0.20975067118148677 0.37942206
 0.2099835836323608 0.379496814
 0.21021508607698122 0.379565732
 0.21044520462495064 0.379641671
 0.21067218019886227 0.379711797
 0.2108978168184849 0.379782548
 0.2111221392176997 0.379853937
 0.21134337791511004 0.379925981
 0.2115651405081761 0.379992238
 0.2117838600592962 0.380059164
 0.2120013525464121 0.380126772
 0.21221764016866437 0.380195075
 0.21243093643058658 0.380264082
 0.21264487551506187 0.38032733
 0.21285585917682182 0.380391295
 0.21306571581229006 0.380455988
 0.21327264611530178 0.380521419
 0.21348030438834564 0.380581102
 0.2136850690290119 0.38064803
 0.21388877745548096 0.380709219
 0.21409144790763676 0.380764664
 0.21429126540513066 0.380827383
 0.21449191000731582 0.380890883
 0.21468973081694967 0.380948647
 0.21488657679497863 0.381007196
 0.21508246484191573 0.381066537
 0.21527556468205286 0.38112014
 0.21546958106133635 0.381174538
 0.21566083495231086 0.38123628
 0.21585118767036612 0.381292292
 0.21603879720866967 0.381342561
 0.21622738844066655 0.381400198
 0.21641325993924895 0.381452095
 0.21659828209797682 0.38150481
 0.21678246858073047 0.381558348
 0.21696583275316086 0.381612714
 0.2171465159394754 0.381667911
 0.2173282717273847 0.381717359
 0.21750736705217444 0.381767638
 0.2176856858351078 0.38181875
 0.2178613586097171 0.3818707
 0.21803815777435648 0.381916888
 0.21821232983673897 0.381970517
 0.21838576733327586 0.382018381
 0.21855848189471883 0.382067086
 0.21873048434695713 0.382110016
 0.2189017857571956 0.382160404
 0.21907049790801508 0.382205013
 0.21923852518552586 0.382257092
 0.21940587792397362 0.382303389
 0.21957256616516638 0.382343892
 0.21973859957924438 0.382391873
 0.21990207775922282 0.382440701
 0.22006491616649557 0.38248373
 0.2202271239193077 0.382527599
 0.22038871033307994 0.38257231
 0.22054968491233648 0.382611204
 0.22070813378619625 0.382657599
 0.22086790836999345 0.38269817
 0.2210251703482341 0.382739579
 0.2211818507087686 0.382781827
 0.22133795774175416 0.382824914
 0.22149156587563065 0.38286884
 0.22164654849587148 0.382906916
 0.22179904409733306 0.382952517
 0.22195099403501978 0.382992261
 0.22210240624758457 0.383032838
 0.22225134348584405 0.383067543
 0.22240170065893652 0.383109779
 0.22254959337030325 0.383146136
 0.22269892534001945 0.383190032
 0.22284580289780848 0.38322804
 0.22299218253466796 0.383266872
 0.22313611282249582 0.383299799
 0.2232815150581729 0.383340271
 0.2234244775850064 0.383374831
 0.22356696522639752 0.383410206
 0.22370898446315815 0.383446393
 0.22385054173556646 0.383483391
 0.22399164381257247 0.383521203
 0.22413032342016856 0.383559825
 0.22427053142460135 0.383592501
 0.22440832509238148 0.383625977
 0.22454568398444832 0.383660256
 0.22468261399471368 0.383695334
 0.2248191208594106 0.383731211
 0.22495322491125835 0.383767887
 0.22508890107476184 0.38379858
 0.22522218176255077 0.383830064
 0.225355057666231 0.383862333
 0.22548753514373324 0.383895391
 0.22561961904624733 0.383929233
 0.22575131474957552 0.38396386
 0.2258806277537962 0.38399247
 0.2260095590323231 0.384028658
 0.22614011814157717 0.384058821
 0.2262683035148051 0.384089755
 0.22639612238310874 0.38412146
 0.2265215699480127 0.384153936
 0.22664866877269374 0.384180358
 0.22677340189085007 0.384214366
 0.22689979990392525 0.384242311
 0.22702383763719863 0.384271015
 0.22714753370642593 0.384300475
 0.22727089244709692 0.38433069
 0.22739189474835403 0.384361659
 0.2275145906143918 0.384393379
 0.22763493488227576 0.384419002
 0.22775698555338825 0.384445369
 0.2278766892331077 0.384479332
 0.22799607782517556 0.384507182
 0.22811515550361178 0.384528909
 0.22823392662467196 0.384558232
 0.22835035561822148 0.384588291
 0.2284685232177922 0.384612212
 0.22858435296192336 0.384643735
 0.22869988806063377 0.384669111
 0.22881513220214592 0.38469521
 0.2289300890560201 0.38472203
 0.22904476262494933 0.384749572
 0.22915915646746446 0.384770941
 0.2292712196849383 0.384799916
 0.22938300660043967 0.384822709
 0.22949657876167295 0.384853111
 0.2296078256020063 0.384877323
 0.2297188065305673 0.38490224
 0.22982952504230542 0.384927861
 0.22993998417971453 0.384947269
 0.2300481205790724 0.384974291
 0.2301580694545942 0.385002011
 0.23026569836626995 0.385023506
 0.23037307727825426 0.38504569
 0.23048020959169382 0.385068564
 0.2305870979816801 0.385092124
 0.23069374604065057 0.385116372
 0.2308001563380672 0.385141303
 0.23090425048784982 0.385159973
 0.23101019255334596 0.385186266
 0.23111382095374697 0.385206289
 0.23121930642774974 0.385233937
 0.23132248008392367 0.385255305
 0.2314254299297981 0.385277343
 0.23152815852047606 0.385300049
 0.2316285749891006 0.385316457
 0.23173086745599766 0.38534049
 0.2318308496547835 0.385365187
 0.23193271662811665 0.385383571
 0.23203227506026702 0.38540261
 0.23213162448758398 0.38542928
 0.23223076767330988 0.385449626
 0.23232970664643707 0.38547062
 0.23242844443071367 0.385485273
 0.23252698302529098 0.385507559
 0.23262321452553364 0.38553049
 0.23272136046066577 0.385547065
 0.23281720053570162 0.385571277
 0.23291496317132568 0.385589125
 0.23301042131715158 0.385607606
 0.23310569105848067 0.385626719
 0.2332007743203977 0.385646459
 0.23329355160162266 0.385666828
 0.23338826771316432 0.385680805
 0.23348280422574935 0.385702422
 0.2335750360599566 0.385717637
 0.23366708914570888 0.385740495
 0.23376109639084405 0.385756944
 0.23385280028717517 0.385774004
 0.23394433175511348 0.385791674
 0.23403569298134955 0.385809954
 0.23412688589600492 0.385828842
 0.23421577394304308 0.385848335
 0.23430663471471952 0.385861385
 0.23439733316102407 0.385882083
 0.23448572757209554 0.385896327
 0.23457396050642546 0.385918222
 0.23466203389732532 0.385933656
 0.23475209715730522 0.38594968
 0.23483985791978765 0.385966292
 0.23492531356981314 0.385983492
 0.23501276630282789 0.386001277
 0.23510006858593843 0.386012573
 0.23518506636692954 0.386031521
 0.2352720715526233 0.386051051
 0.2353567725403628 0.386064077
 0.23544348742897422 0.386077675
 0.23552789893918438 0.386091844
 0.23561216725122375 0.386113671
 0.2356962943124616 0.386128978
 0.2357802817088705 0.386137755
 0.235864131018791 0.386154187
 0.2359456747481006 0.386171184
 0.2360292515108689 0.386188739
 0.23611052296019536 0.386199748
 0.236193834032834 0.386218418
 0.23627483974063573 0.386230533
 0.23635571412706385 0.386243195
 0.23643863741561946 0.386256405
