           2   2.0000000000000000        137.92323686079698        19.054700997807419       0.20142455870718975        1.9062409655141455     
           3   3.0000000000000000        155.30540255481259        15.816800998561302       0.27944112772898588        1.6788039672225532     
           4   4.0000000000000000        168.00179511405068        14.707400998819605       0.35359591482100100        1.4503617683489716     
           5   5.0000000000000000        178.68180399365326        14.205600998936440       0.42444023587589486        1.2537841361939950     
           6   6.0000000000000000        188.61498633298035        13.952800998995299       0.49154580667403458        1.0922434547126307     
           7   7.0000000000000000        198.26272601185335        13.818800999026498       0.55443271876345934       0.96168261843707037     
           8   8.0000000000000000        207.67125202975836        13.745400999043587       0.61294951843979584       0.85639354528108036     
           9   9.0000000000000000        216.71879893400828        13.704400999053133       0.66729481165076832       0.77107533726906285     
          10   10.000000000000000        225.25872390302771        13.681000999058583       0.71789639455473442       0.70110009405003648     
          11   11.000000000000000        233.19116076270106        13.667800999061656       0.76527519456513615       0.64297037081957997     
          12   12.000000000000000        240.48809316158037        13.660600999063332       0.80994389748989715       0.59388674148969656     
          13   13.000000000000000        247.19038437339154        13.657300999064100       0.85234751712287693       0.55185540625200369     
          14   14.000000000000000        253.39014076436595        13.656600999064263       0.89283730423984609       0.51535863322298914     
          15   15.000000000000000        259.20765438113682        13.657800999063983       0.93166724594869699       0.48334757745161666     
          16   16.000000000000000        264.76892487451158        13.660200999063425       0.96900448822062835       0.45496299779814431     
          17   17.000000000000000        270.18727201583044        13.663600999062634        1.0049474537337468       0.42975390833231120     
          18   18.000000000000000        275.55069925226150        13.667400999061750        1.0395469896475868       0.40718876711661961     
          19   19.000000000000000        280.91534935701884        13.671500999060795        1.0728271339339237       0.38706935232812134     
          20   20.000000000000000        286.30450941422851        13.675500999059862        1.1048029080358732       0.36908383036241599     
          21   21.000000000000000        291.71208865319431        13.679300999058977        1.1354936157565523       0.35309025001229721     
          22   22.000000000000000        297.10923336807883        13.682500999058233        1.1649310307024099       0.33877706257983803     
          23   23.000000000000000        302.45269200215660        13.685300999057581        1.1931628136698997       0.32614395425463039     
          24   24.000000000000000        307.69364291217914        13.687400999057092        1.2202520207491323       0.31489854811359169     
          25   25.000000000000000        312.78589810354896        13.688800999056767        1.2462739501760118       0.30489724534580565     
          26   26.000000000000000        317.69265684311011        13.689600999056580        1.2713114698791315       0.29604277831946524     
          27   27.000000000000000        322.39126924329798        13.689800999056533        1.2954498105849857       0.28818073547577977     
          28   28.000000000000000        326.87575411469697        13.689500999056603        1.3187716479984375       0.28121834766759651     
          29   29.000000000000000        331.15707623193651        13.688600999056813        1.3413529145322853       0.27495441254084513     
          30   30.000000000000000        335.26140995189564        13.687400999057092        1.3632596603202300       0.26943628533004527     
          31   31.000000000000000        339.22678830689995        13.685700999057488        1.3845460399722191       0.26443434892473161     
          32   32.000000000000000        343.09865333467542        13.683800999057929        1.4052535540555442       0.26003688631523875     
          33   33.000000000000000        346.92488268002739        13.681500999058466        1.4254113894163349       0.25604724493826836     
          34   34.000000000000000        350.75087114719554        13.679000999059047        1.4450377324445114       0.25253172811906049     
          35   35.000000000000000        354.61519872856252        13.676200999059700        1.4641418683015355       0.24938804691332866     
          36   36.000000000000000        358.54632601499634        13.673200999060398        1.4827267630307732       0.24665150651009721     
          37   37.000000000000000        362.56063316973177        13.669900999061166        1.5007918324716261       0.24424247965494539     
          38   38.000000000000000        366.66197071557144        13.666400999061981        1.5183355972489188       0.24221172195547472     
          39   39.000000000000000        370.84273100101200        13.662600999062866        1.5353579025358333       0.24048793603585020     
          40   40.000000000000000        375.08629076494253        13.658500999063820        1.5518615568663254       0.23906386708983232     
          41   41.000000000000000        379.37052980510634        13.654200999064821        1.5678532427246807       0.23799644473122475     
          42   42.000000000000000        383.67201009665587        13.649600999065893        1.5833436953418847       0.23720895872314751     
          43   43.000000000000000        387.97031426085596        13.644700999067034        1.5983472008257429       0.23668761794055584     
          44   44.000000000000000        392.25200088388374        13.639600999068222        1.6128805920493912       0.23648189409218842     
          45   45.000000000000000        396.51364370108058        13.634200999069479        1.6269619003094455       0.23650560911788915     
          46   46.000000000000000        400.76348585495725        13.628500999070805        1.6406088664146434       0.23673869106491405     
          47   47.000000000000000        405.02136052516289        13.622600999072180        1.6538375525664435       0.23722745119854974     
          48   48.000000000000000        409.31670184488758        13.616400999073623        1.6666612116889929       0.23788375229857747     
          49   49.000000000000000        413.68468868933269        13.610100999075090        1.6790895913352786       0.23882682248862283     
          50   50.000000000000000        418.16081582364859        13.603500999076626        1.6911288045560591       0.23990439357468471     
          51   51.000000000000000        423.48400598277510        13.596700999078211        1.7027513638438896       0.24116403890817167     
          52   52.000000000000000        428.30120689590791        13.589600999079863        1.7139525787185683       0.24256019149682961     
          53   53.000000000000000        433.14687607822742        13.582400999081539        1.7247643997503008       0.24422128168946858     
          54   54.000000000000000        438.01431339040994        13.574900999083285        1.7351997768990692       0.24599425856057769     
          55   55.000000000000000        442.89738820077963        13.567300999085056        1.7452716028292392       0.24800505512955368     
          56   56.000000000000000        447.79050410887311        13.559400999086895        1.7549927973594477       0.25009975073926211     
          57   57.000000000000000        452.68856537435789        13.551300999088781        1.7643762436191410       0.25233449865670016     
          58   58.000000000000000        457.58694498632218        13.543100999090690        1.7734346979729669       0.25476714135492473     
          59   59.000000000000000        462.48145430992196        13.534600999092669        1.7821807219467609       0.25724000932546032     
          60   60.000000000000000        467.36831424921871        13.526100999094648        1.7906266138283646       0.25995577609493992     
          61   61.000000000000000        472.24412786691164        13.517300999096697        1.7987843732328703       0.26268403322996858     
          62   62.000000000000000        477.10585440344335        13.508400999098768        1.8066656576836655       0.26555600075653241     
          63   63.000000000000000        481.95078463974517        13.499400999100864        1.8142817577600503       0.26855923889529754     
          64   64.000000000000000        486.77651754957265        13.490200999103006        1.8216435814179550       0.27160817009819982     
          65   65.000000000000000        491.58093818910305        13.480900999105172        1.8287616382058591       0.27476452643393323     
          66   66.000000000000000        496.36219677305473        13.471500999107361        1.8356460439622195       0.27801540959519766     
          67   67.000000000000000        501.11868888822789        13.462000999109572        1.8423065091383215       0.28134965894234421     
          68   68.000000000000000        505.84903679692741        13.452300999111831        1.8487523373202017       0.28468344765124520     
          69   69.000000000000000        510.55207178423035        13.442600999114090        1.8549924473347690       0.28815415893182222     
          70   70.000000000000000        515.22681750454819        13.432800999116370        1.8610353642938644       0.29167812540361032     
          71   71.000000000000000        519.87247428445164        13.422900999118676        1.8668892387658824       0.29524538789136312     
          72   72.000000000000000        524.48840434002068        13.413000999120980        1.8725618533225641       0.29892232289996323     
          73   73.000000000000000        529.07411786850878        13.402900999123332        1.8780606338010539       0.30254961234190719     
          74   74.000000000000000        533.62925997533284        13.392800999125685        1.8833926622598967       0.30627031576033287     
          75   75.000000000000000        538.15359839880421        13.382700999128035        1.8885646931281892       0.31007625382607767     
          76   76.000000000000000        542.64701199625063        13.372500999130411        1.8935831598050508       0.31388520297559408     
          77   77.000000000000000        547.10947995641811        13.362300999132785        1.8984541937159514       0.31776563688163878     
          78   78.000000000000000        551.54107170435259        13.352000999135184        1.9031836331373873       0.32163498227845533     
          79   79.000000000000000        555.94193746597830        13.341600999137604        1.9077770412568125       0.32548634258752668     
          80   80.000000000000000        560.31229946094049        13.331300999140003        1.9122397119539822       0.32946767455438930     
          81   81.000000000000000        564.65244369324523        13.320900999142424        1.9165766880984232       0.33341928689051770     
          82   82.000000000000000        568.96271231041430        13.310500999144846        1.9207927712728174       0.33741298192152691     
          83   83.000000000000000        573.24349650292754        13.300100999147267        1.9248925300694375       0.34144494576194928     
          84   84.000000000000000        577.49522991672291        13.289600999149712        1.9288803224491216       0.34543114030103966     
          85   85.000000000000000        581.71838255257796        13.279100999152156        1.9327602916582911       0.34944558529316005     
          86   86.000000000000000        585.91345512719613        13.268700999154579        1.9365363888185008       0.35356206436002136     
          87   87.000000000000000        590.08097387167322        13.258200999157022        1.9402123765011585       0.35762032112416614     
          88   88.000000000000000        594.22148574409732        13.247700999159468        1.9437918392386053       0.36169485916585886     
          89   89.000000000000000        598.33555403383752        13.237200999161912        1.9472781956691991       0.36578181998668585     
          90   90.000000000000000        602.42375433595998        13.226700999164358        1.9506747046507018       0.36987773337900476     
          91   91.000000000000000        606.48667087510125        13.216200999166801        1.9539844704981300       0.37398024992830053     
          92   92.000000000000000        610.52489315897515        13.205700999169247        1.9572104625557121       0.37808441150106686     
          93   93.000000000000000        614.53901294241825        13.195200999171691        1.9603555036464317       0.38218928990896656     
          94   94.000000000000000        618.52962148370113        13.184700999174137        1.9634222961223149       0.38629131153253349     
          95   95.000000000000000        622.49730707563458        13.174300999176557        1.9664134192483365       0.39046700636470172     
          96   96.000000000000000        626.44265283469451        13.163800999179003        1.9693313321439638       0.39455621264966656     
          97   97.000000000000000        630.36623473200689        13.153400999181423        1.9721783899401748       0.39871518701441494     
          98   98.000000000000000        634.26861985100675        13.142900999183869        1.9749568439217431       0.40278145469957993     
          99   99.000000000000000        638.15036485690553        13.132500999186290        1.9776688437468644       0.40691387678492169     
         100   100.00000000000000        642.01201466399857        13.122100999188712        1.9803164465997942       0.41103110614346328     
         101   101.00000000000000        645.85410128740091        13.111700999191132        1.9829016283827314       0.41512917467680210     
         102   102.00000000000000        649.67714286640808        13.101400999193531        1.9854262710995809       0.41928883230571312     
         103   103.00000000000000        653.48164284719019        13.091000999195952        1.9878921867449764       0.42334570680157607     
         104   104.00000000000000        657.26808931333505        13.080700999198351        1.9903011027017470       0.42746193691766193     
         105   105.00000000000000        661.03695445299434        13.070400999200748        1.9926546861974772       0.43155344200462231     
         106   106.00000000000000        664.78869415218389        13.060200999203124        1.9949545311041443       0.43570005631626707     
         107   107.00000000000000        668.52374770414269        13.049900999205521        1.9972021659985426       0.43973843452793654     
         108   108.00000000000000        672.24253762524734        13.039700999207897        1.9993990581583854       0.44383102400728758     
         109   109.00000000000000        675.94546956849888        13.029500999210271        2.0015466251147775       0.44789377495879690     
         110   110.00000000000000        679.63293232582498        13.019300999212646        2.0036462193588314       0.45192647733194091     
         111   111.00000000000000        683.30529791118693        13.009200999214999        2.0056991491717602       0.45600959863758894     
         112   112.00000000000000        686.96292171691016        12.999100999217349        2.0077066668343635       0.46006134158796708     
         113   113.00000000000000        690.60614273560111        12.989000999219702        2.0096699874484765       0.46407810396589488     
         114   114.00000000000000        694.23528384120243        12.979000999222029        2.0115902688427121       0.46814485337120360     
         115   115.00000000000000        697.85065212238965        12.968900999224381        2.0134686329538427       0.47209487565166885     
         116   116.00000000000000        701.45253926234227        12.959000999226687        2.0153061671650176       0.47617343354342673     
         117   117.00000000000000        705.04122195910850        12.949000999229014        2.0171039107801039       0.48013328152238066     
         118   118.00000000000000        708.61696238117088        12.939100999231320        2.0188628668021513       0.48414062679630843     
         119   119.00000000000000        712.18000865309887        12.929200999233624        2.0205840132170083       0.48810900248959171     
         120   120.00000000000000        715.73059536663641        12.919300999235929        2.0222682835189763       0.49204070754010026     
         121   121.00000000000000        719.26894411268006        12.909500999238212        2.0239165868386961       0.49601622916474813     
         122   122.00000000000000        722.79526403012551        12.899700999240492        2.0255297967191561       0.49995418236493139     
         123   123.00000000000000        726.30975236751397        12.889900999242775        2.0271087629143580       0.50385188901802358     
         124   124.00000000000000        729.81259505420132        12.880200999245034        2.0286543041615706       0.50779410620748477     
         125   125.00000000000000        733.30396727749053        12.870500999247291        2.0301672131823190       0.51169633122908953     
         126   126.00000000000000        736.78403406264749        12.860900999249527        2.0316482578485435       0.51564295571136587     
         127   127.00000000000000        740.25295085313053        12.851200999251786        2.0330981836077160       0.51946458689983843     
         128   128.00000000000000        743.71086408822850        12.841700999253996        2.0345177135665176       0.52341237058240575     
         129   129.00000000000000        747.15791177601534        12.832100999256232        2.0359075427052207       0.52723566559165402     
         130   130.00000000000000        750.59422405893179        12.822600999258444        2.0372683488809789       0.53110204552721640     
         131   131.00000000000000        754.01992377059207        12.813100999260657        2.0386007927017116       0.53492663684975350     
         132   132.00000000000000        757.43512698163443        12.803600999262867        2.0399055085630708       0.53870951027607672     
         133   133.00000000000000        760.83994353300432        12.794200999265056        2.0411831169107142       0.54253539232315928     
         134   134.00000000000000        764.23447755562142        12.784800999267246        2.0424342181877781       0.54631926157062538     
         135   135.00000000000000        767.61882797450392        12.775500999269410        2.0436593988790688       0.55014538183806672     
         136   136.00000000000000        770.99308899689322        12.766200999271575        2.0448592229115379       0.55393007629513025     
         137   137.00000000000000        774.35735058285582        12.756900999273741        2.0460342444870498       0.55767210462632566     
         138   138.00000000000000        777.71169889789144        12.747700999275883        2.0471849991861113       0.56145615345692956     
         139   139.00000000000000        781.05621674658653        12.738500999278026        2.0483120056911086       0.56519909618350550     
         140   140.00000000000000        784.39098398694398        12.729300999280166        2.0494157745098041       0.56889828132392350     
         141   141.00000000000000        787.71607792470797        12.720100999282309        2.0504967950830926       0.57255559490330121     
         142   142.00000000000000        791.03157368731524        12.711000999284428        2.0515555493108129       0.57625624182992130     
         143   143.00000000000000        794.33754457769840        12.702000999286524        2.0525925031297216       0.58000018914544171     
         144   144.00000000000000        797.63406240680365        12.692900999288643        2.0536081129634032       0.58361523726541054     
         145   145.00000000000000        800.92119780583084        12.683900999290739        2.0546028205571161       0.58727397503599932     
         146   146.00000000000000        804.19902051758038        12.675000999292809        2.0555770561119044       0.59097643292229607     
         147   147.00000000000000        807.46759966678167        12.666100999294882        2.0565312409901848       0.59463668362336675     
         148   148.00000000000000        810.72700401040072        12.657200999296954        2.0574657852476443       0.59825377364146748     
         149   149.00000000000000        813.97730216739842        12.648300999299027        2.0583810841030350       0.60182977818883232     
         150   150.00000000000000        817.21856282837280        12.639500999301076        2.0592775289275611       0.60544929471563180     
         151   151.00000000000000        820.45085494592161        12.630700999303125        2.0601554979090100       0.60902686450618204     
         152   152.00000000000000        823.67424790518919        12.621900999305174        2.0610153597356362       0.61256235652677082     
         153   153.00000000000000        826.88881167614511        12.613200999307200        2.0618574762975506       0.61614217101243129     
         154   154.00000000000000        830.09461694729964        12.604500999309224        2.0626821953978212       0.61968063252722683     
         155   155.00000000000000        833.29173524142800        12.595900999311226        2.0634898601756380       0.62326434662998620     
         156   156.00000000000000        836.48023901460022        12.587200999313252        2.0642808073833323       0.62671958692446939     
         157   157.00000000000000        839.66020173787388        12.578600999315254        2.0650553597366255       0.63022013708847713     
         158   158.00000000000000        842.83169796365530        12.570100999317233        2.0658138373053343       0.63376580908973190     
         159   159.00000000000000        845.99480337619934        12.561600999319213        2.0665565468384219       0.63727171165146468     
         160   160.00000000000000        849.14959482761083        12.553100999321192        2.0672837959075019       0.64073480308234743     
         161   161.00000000000000        852.29615035994721        12.544600999323171        2.0679958756162882       0.64415809467430807     
         162   162.00000000000000        855.43454921376235        12.536200999325127        2.0686930765678717       0.64762732606704088     
         163   163.00000000000000        858.56487182392925        12.527800999327082        2.0693756783213915       0.65105618081050776     
         164   164.00000000000000        861.68719980428637        12.519400999329038        2.0700439586977928       0.65444392734752255     
         165   165.00000000000000        864.80161592017009        12.511100999330971        2.0706981810698282       0.65787957213451254     
         166   166.00000000000000        867.90820405096622        12.502800999332903        2.0713386115211132       0.66127471573450691     
         167   167.00000000000000        871.00704914340395        12.494600999334812        2.0719655035536539       0.66471737951111420     
         168   168.00000000000000        874.09823715454661        12.486300999336745        2.0725791089711829       0.66803208983132467     
         169   169.00000000000000        877.18185498811317        12.478100999338654        2.0731796674627518       0.67139610489972201     
         170   170.00000000000000        880.25799042188419        12.470000999340540        2.0737674215077657       0.67480744052370689     
         171   171.00000000000000        883.32673202928879        12.461800999342449        2.0743426035034198       0.67809056052374705     
         172   172.00000000000000        886.38816909385764        12.453700999344335        2.0749054377016360       0.68142357157489597     
         173   173.00000000000000        889.44239151921977        12.445600999346221        2.0754561480292950       0.68471680965961945     
         174   174.00000000000000        892.48948973370602        12.437600999348083        2.0759949509787070       0.68805963434448070     
         175   175.00000000000000        895.52955459046450        12.429600999349946        2.0765220603406913       0.69136301400497202     
         176   176.00000000000000        898.56267726526653        12.421600999351810        2.0770376792886389       0.69462893448869611     
         177   177.00000000000000        901.58894915042447        12.413700999353649        2.0775420152244810       0.69794355317467682     
         178   178.00000000000000        904.60846174632979        12.405700999355512        2.0780352616431994       0.70113191571088551     
         179   179.00000000000000        907.62130655284057        12.397800999357351        2.0785176135204231       0.70437084691157448     
         180   180.00000000000000        910.62757495755272        12.390000999359167        2.0789892613233967       0.70765989188112766     
         181   181.00000000000000        913.62735812498147        12.382200999360983        2.0794503878809598       0.71091153755670444     
         182   182.00000000000000        916.62074688530606        12.374400999362798        2.0799011761733657       0.71412438549154156     
         183   183.00000000000000        919.60783162360167        12.366600999364614        2.0803417995023232       0.71730084344636946     
         184   184.00000000000000        922.58870216994308        12.358800999366430        2.0807724328482329       0.72043950423644998     
         185   185.00000000000000        925.56344769127861        12.351100999368224        2.0811932432120148       0.72363086720290781     
         186   186.00000000000000        928.53215658492979        12.343400999370017        2.0816043988747919       0.72678406348281310     
         187   187.00000000000000        931.49491637455287        12.335800999371786        2.0820060594645007       0.72998972131273954     
         188   188.00000000000000        934.45181360914080        12.328200999373555        2.0823983823457950       0.73315913071417338     
         189   189.00000000000000        937.40293376437978        12.320600999375324        2.0827815261965088       0.73629090217990190     
         190   190.00000000000000        940.34836114746622        12.313000999377094        2.0831556359586201       0.73938745610730394     
         191   191.00000000000000        943.28817880726888        12.305500999378841        2.0835208646942283       0.74253663414071747     
         192   192.00000000000000        946.22246844594122        12.297900999380611        2.0838773536649180       0.74556172290550571     
         193   193.00000000000000        949.15131033690568        12.290500999382333        2.0842252481786652       0.74872841515567656     
         194   194.00000000000000        952.07478324673173        12.283000999384079        2.0845646848015673       0.75177056447710944     
         195   195.00000000000000        954.99296436145914        12.275600999385803        2.0848958023844384       0.75486551009510860     
         196   196.00000000000000        957.90592921867790        12.268200999387526        2.0852187289555366       0.75792635874873171     
         197   197.00000000000000        960.81375164378846        12.260800999389248        2.0855335981164012       0.76095174321688908     
         198   198.00000000000000        963.71650369219788        12.253500999390948        2.0858405370633974       0.76403142783611833     
         199   199.00000000000000        966.61425559728127        12.246100999392670        2.0861396698374088       0.76698715619185021     
         200   200.00000000000000        969.50707572372244        12.238900999394348        2.0864311203455674       0.77008733944751295     
         201   201.00000000000000        972.39503052444104        12.231600999396047        2.0867150069252194       0.77306311422419560     
         202   202.00000000000000        975.27818450736368        12.224400999397723        2.0869914476119669       0.77609415486230049     
         203   203.00000000000000        978.15660020418329        12.217100999399422        2.0872605570294325       0.77900177102458301     
         204   204.00000000000000        981.03033814688251        12.210000999401077        2.0875224484424040       0.78205501083935647     
         205   205.00000000000000        983.89945684854911        12.202800999402752        2.0877772322665997       0.78498440186129903     
         206   206.00000000000000        986.76401279195056        12.195700999404405        2.0880250159123976       0.78797001397668587     
         207   207.00000000000000        989.62406042214047        12.188600999406059        2.0882659079198334       0.79092207592498842     
         208   208.00000000000000        992.47965214469218        12.181500999407712        2.0885000099875159       0.79384076878560084     
         209   209.00000000000000        995.33083833108071        12.174400999409364        2.0887274242788680       0.79672701443284422     
         210   210.00000000000000        998.17766732714540        12.167400999410996        2.0889482526018095       0.79966968800296390     
         211   211.00000000000000        1001.0201854700073        12.160400999412625        2.0891625913936078       0.80258035954610629     
         212   212.00000000000000        1003.8584371065288        12.153400999414254        2.0893705404179905       0.80545690251185698     
         213   213.00000000000000        1006.6924646208464        12.146500999415862        2.0895721901925173       0.80839217537985553     
         214   214.00000000000000        1009.5223084630934        12.139500999417491        2.0897676359454920       0.81120407303750797     
         215   215.00000000000000        1012.3480071855562        12.132600999419097        2.0899569667056710       0.81407475196821610     
         216   216.00000000000000        1015.1695974824996        12.125800999420681        2.0901402741576103       0.81700338120842142     
         217   217.00000000000000        1017.9871142344699        12.118900999422287        2.0903176433916566       0.81981026562792580     
         218   218.00000000000000        1020.8005905568828        12.112100999423870        2.0904891628826587       0.82267553425714013     
         219   219.00000000000000        1023.6100578522725        12.105300999425454        2.0906549175030960       0.82550884828290616     
         220   220.00000000000000        1026.4155458664623        12.098500999427037        2.0908149860928593       0.82831188088434748     
         221   221.00000000000000        1029.2170827496411        12.091700999428619        2.0909694545707485       0.83108329750710730     
         222   222.00000000000000        1032.0146951177187        12.085000999430180        2.0911184032581649       0.83391333022140934     
         223   223.00000000000000        1034.8084081209508        12.078300999431740        2.0912619062867543       0.83671370554889068     
         224   224.00000000000000        1037.5982455113688        12.071600999433301        2.0914000465942020       0.83948233002720540     
         225   225.00000000000000        1040.3842297141196        12.065000999434837        2.0915328977603211       0.84231108033739843     
         226   226.00000000000000        1043.1663819036653        12.058300999436396        2.0916605329151405       0.84501903924144595     
         227   227.00000000000000        1045.9447220776715        12.051700999437934        2.0917830275674141       0.84778757451789044     
         228   228.00000000000000        1048.7192691365926        12.045100999439470        2.0919004526703491       0.85052590002621342     
         229   229.00000000000000        1051.4900409617287        12.038600999440984        2.0920128799323021       0.85332532713928766     
         230   230.00000000000000        1054.2570544971868        12.032000999442520        2.0921203800826857       0.85600307321155378     
         231   231.00000000000000        1057.0203258302272        12.025500999444033        2.0922230185232689       0.85874312274202180     
         232   232.00000000000000        1059.7798702750572        12.019000999445547        2.0923208651236505       0.86145376696479503     
         233   233.00000000000000        1062.5357024548857        12.012500999447060        2.0924139862992450       0.86413441643861699     
         234   234.00000000000000        1065.2878363839341        12.006100999448551        2.0925024469367712       0.86687697644606909     
         235   235.00000000000000        1068.0362855542612        11.999600999450063        2.0925863112128242       0.86949938293042905     
         236   236.00000000000000        1070.7810630114554        11.993200999451554        2.0926656417700942       0.87218411674983198     
         237   237.00000000000000        1073.5221814453221        11.986800999453044        2.0927405018786742       0.87484005406887289     
         238   238.00000000000000        1076.2596532633270        11.980500999454511        2.0928109510300632       0.87755885060993521     
         239   239.00000000000000        1078.9934906751159        11.974100999456001        2.0928770499856695       0.88015773389147411     
         240   240.00000000000000        1081.7237057692660        11.967800999457468        2.0929388599475161       0.88281914645333615     
         241   241.00000000000000        1084.4503105914050        11.961500999458934        2.0929964352995745       0.88545368860713936     
         242   242.00000000000000        1087.1733172203585        11.955200999460402        2.0930498373238486       0.88805923429086830     
         243   243.00000000000000        1089.8927378372509        11.949000999461845        2.0930991210028589       0.89072842425405208     
         244   244.00000000000000        1092.6085848022676        11.942800999463289        2.0931443420695603       0.89336982678704402     
         245   245.00000000000000        1095.3208707185636        11.936500999464755        2.0931855536737398       0.89589260491769140     
         246   246.00000000000000        1098.0296085021209        11.930300999466199        2.0932228124267285       0.89847889938643977     
         247   247.00000000000000        1100.7348114401402        11.924200999467619        2.0932561698508247       0.90112976392694821     
         248   248.00000000000000        1103.4364932553081        11.918000999469063        2.0932856761069849       0.90366249257295450     
         249   249.00000000000000        1106.1346681602054        11.911900999470483        2.0933113879726655       0.90625868711551927     
         250   250.00000000000000        1108.8293509107179        11.905800999471904        2.0933333511447625       0.90882897391006767     
         251   251.00000000000000        1111.5205568599085        11.899700999473323        2.0933516181257432       0.91137200601987345     
         252   252.00000000000000        1114.2083019974334        11.893600999474744        2.0933662374339979       0.91388870185360616     
         253   253.00000000000000        1116.8926029985041        11.887600999476140        2.0933772579467003       0.91647052270692608     
         254   254.00000000000000        1119.5734772590140        11.881500999477561        2.0933847261817671       0.91893435277068003     
         255   255.00000000000000        1122.2509429304209        11.875500999478957        2.0933886905269818       0.92146372535675047     
         256   256.00000000000000        1124.9250189549839        11.869500999480355        2.0933891956424939       0.92396751539127531     
        