1 0.12261259441501977 4.7990000000010005 0.050587931197627896 0.015580508305375775 0.9533951140557068 0.0 0.0 0.4049667253224494 0.009383936801550212 3.53002248313936e-09 9.687342886279747e-37
2 0.12382600561096263 6.6450000000010006 0.13485418402164176 0.02999541625520802 0.9105284013735317 0.0 0.0 0.40971678880391366 0.04852387454765121 3.3636792344922667e-09 9.39613965383042e-37
3 0.1250424660951002 7.974000000001 0.23400008405075087 0.043373576527479085 0.8709718439195342 0.0 0.0 0.4142688879215345 0.12259368780407061 3.209756648228456e-09 9.12411217541291e-37
4 0.12626196030726533 9.026000000001 0.3408078441845325 0.055808417238958574 0.834409713014294 0.0 0.0 0.41862543448402195 0.23117622451022976 3.067079105161587e-09 8.869661907822438e-37
5 0.12748447281917807 9.897000000001 0.4512309578953468 0.06738772122160008 0.8005487308384163 0.0 0.0 0.4227933901489339 0.3716648863960526 2.9345733895266117e-09 8.631264706835759e-37
10 0.13364177892275317 12.799000000001 0.9973066429965534 0.1151696708608409 0.6628845237288057 0.0 0.0 0.4413201155997379 1.434008838720966 2.3928610328829686e-09 7.630671037270766e-37
15 0.13987230144954874 14.479000000001001 1.4755436003066413 0.15062564915657684 0.5631416091400825 0.0 0.0 0.45660644622827895 2.8092380130447836 1.997396726046271e-09 6.867561617894279e-37
20 0.14617425129726275 15.567000000001 1.8733640429745568 0.1778700010707155 0.48809277700792547 0.0 0.0 0.4693856321228204 4.238177462375879 1.6985581904832509e-09 6.266263301059578e-37
25 0.1525459110615293 16.312000000001 2.2005464796940473 0.19939248513245406 0.4298858775310766 0.0 0.0 0.4801943802104135 5.592157051109395 1.466384528052752e-09 5.779935917757224e-37
30 0.15898563107666652 16.838000000001 2.469385112217977 0.2167623113077361 0.38365387615980334 0.0 0.0 0.4894050260006932 6.814838619034586 1.2819772703469973e-09 5.378653771416026e-37
35 0.16549182573316873 17.218000000001002 2.691655686914574 0.23105866200184502 0.3461222902626351 0.0 0.0 0.4973472050580409 7.893359959027109 1.132577006283588e-09 5.041141523339681e-37
40 0.1720629700486604 17.494000000001 2.875951043532454 0.242984079713322 0.31517923979225027 0.0 0.0 0.504210717159411 8.826512096027038 1.0097353423208655e-09 4.753755884791023e-37
45 0.17869759647131253 17.695000000001002 3.0296601661277185 0.25306308775319264 0.2892821340291588 0.0 0.0 0.5101805767075945 9.625787859286278 9.073142176401671e-10 4.5059203761782004e-37
50 0.18539429189674325 17.841000000001 3.158691421251822 0.26168176512181085 0.26731468485541554 0.0 0.0 0.5154097275436136 10.306602178665594 8.208534975090647e-10 4.289691489436957e-37
55 0.1921516948812325 17.945000000001002 3.267356918418149 0.2691154110507771 0.2484884004247605 0.0 0.0 0.5199984836882989 10.881854028119129 7.471405036408391e-10 4.099494921825723e-37
60 0.19896849303568773 18.017000000001 3.3592902954241 0.2755817855371383 0.23219110401091558 0.0 0.0 0.5240428880628375 11.365711781818197 6.837004084065783e-10 3.930766515406441e-37
65 0.205843420586234 18.065000000001 3.4375906217653176 0.2812559008368211 0.21793959402324126 0.0 0.0 0.5276350178982497 11.772833813732467 6.28598978746875e-10 3.779692248943958e-37
70 0.21277525608859219 18.093000000001002 3.504094494414213 0.2862534165858321 0.20541278556134365 0.0 0.0 0.5308077713158249 12.110206901010915 5.804665842226178e-10 3.6440397607637246e-37
75 0.2197628202845551 18.105000000001 3.560619010953315 0.29067817848117194 0.1943294031538275 0.0 0.0 0.5336111549788066 12.386961259529803 5.381501926933635e-10 3.521605327499111e-37
80 0.22680497408991443 18.105000000001 3.608937654366925 0.2946227665460402 0.18444385066539326 0.0 0.0 0.5361065927073503 12.613769794433878 5.006791053030451e-10 3.410250982730252e-37
85 0.2339006167041161 18.096000000001002 3.6504531042646584 0.298160177945086 0.17556417326973614 0.0 0.0 0.5383421222015256 12.799341478303399 4.672875347243422e-10 3.30829351811038e-37
90 0.24104868383276296 18.079000000001 3.6858890172291954 0.30133758439640435 0.16756549140448312 0.0 0.0 0.5403297863808468 12.94694455317819 4.3742584890035527e-10 3.214850544676165e-37
95 0.24824814601483888 18.055000000001 3.7159278074900763 0.30419721111951303 0.16033796259355623 0.0 0.0 0.5420858507663627 13.060134217203489 4.106236768912468e-10 3.1290799989922466e-37
100 0.25549800704721126 18.027000000001 3.7418265368271966 0.3067931402854285 0.15374482877805082 0.0 0.0 0.5436694367890674 13.148699562576306 3.863886850840151e-10 3.049481825989481e-37
105 0.2627973024995846 17.995000000001 3.763872227361388 0.3091494469157181 0.14772418895535255 0.0 0.0 0.545080478413135 13.213458872409898 3.644291299624091e-10 2.9756791557846024e-37
110 0.2701450983136379 17.959000000001 3.782325097547909 0.3112878407131051 0.14222122662997233 0.0 0.0 0.5463208175782185 13.255259059341547 3.4449160700885897e-10 2.907317880859691e-37
115 0.2775404894805892 17.921000000001 3.7980227899881602 0.31324257069676975 0.13715090918533676 0.0 0.0 0.5474323364161638 13.28097038439662 3.2627840122764934e-10 2.8433954503054678e-37
120 0.2849825987918804 17.881000000001002 3.811166943612002 0.31502978924101604 0.13247330884910474 0.0 0.0 0.5484179186335889 13.291393948681934 3.096070883375936e-10 2.7836314652815167e-37
125 0.2924705756581073 17.839000000001 3.821939945448898 0.3166640821862833 0.12815289983357345 0.0 0.0 0.5492811518458252 13.28730430710617 2.9431786454674403e-10 2.7277651306107203e-37
130 0.3000035949916891 17.796000000001 3.830801477602015 0.31816521909141765 0.12414132085303364 0.0 0.0 0.5500447158751882 13.272408873750893 2.802367065799446e-10 2.6752328323001006e-37
135 0.30758085614912284 17.753000000001002 3.8381877094929933 0.3195508008037757 0.12039540522469386 0.0 0.0 0.5507306592523961 13.250317532017073 2.672119985568364e-10 2.6255062637901116e-37
140 0.31520158192898695 17.708000000001 3.8436419349461057 0.3208181000916299 0.11692398441210325 0.0 0.0 0.5513059138320442 13.215753076337945 2.5520415455987907e-10 2.57902755161128e-37
145 0.32286501762214226 17.664000000001 3.8481537037200324 0.32199476222043555 0.11365794289965797 0.0 0.0 0.5518288404588105 13.178082796792655 2.4402685335719395e-10 2.534677285290396e-37
150 0.33057043011084497 17.619000000001 3.851245652165503 0.323076536444307 0.11061025199718866 0.0 0.0 0.5522667663652557 13.131972259732182 2.336613360228068e-10 2.4929202148456866e-37
155 0.3383171070137299 17.574000000001 3.853300307322461 0.32407661050323183 0.1077486811551177 0.0 0.0 0.5526411323267559 13.080809528813477 2.240061445174924e-10 2.4532995892988575e-37
160 0.34610435587383787 17.529000000001002 3.8544013122570244 0.3250014079277064 0.1050584337874792 0.0 0.0 0.5529552178497444 13.02502267544881 2.1499837667523725e-10 2.4156818422119473e-37
165 0.35393150338707086 17.484000000001 3.8546247513071146 0.32585677939028607 0.10252614545514165 0.0 0.0 0.5532122332242355 12.965008070713619 2.0658181323530753e-10 2.379943246121088e-37
170 0.36179789466864115 17.439000000001002 3.854039927437219 0.3266480611989885 0.10013972358699202 0.0 0.0 0.5534152995435119 12.901132665055163 1.9870609994294196e-10 2.3459691243403907e-37
175 0.3697028925552511 17.395000000001 3.852987602518111 0.32738489011535116 0.09787483415532022 0.0 0.0 0.5535839196069444 12.836518736167369 1.9130246151452846e-10 2.313367972167875e-37
180 0.37764587694090035 17.351000000001 3.851244595017478 0.3280666205468167 0.09573546960395422 0.0 0.0 0.5537040674543187 12.768654921412699 1.8435548887198028e-10 2.2823331955538888e-37
185 0.3856262441443601 17.307000000001 3.848863809929867 0.3286973504055518 0.09371253848291285 0.0 0.0 0.5537785392359834 12.697831734958845 1.7782842364615503e-10 2.252772828937538e-37
190 0.3936434063064899 17.264000000001 3.8461663172308933 0.32928510473261274 0.09178520830312577 0.0 0.0 0.5538258348082936 12.627036638688473 1.716668583264617e-10 2.2243264263320957e-37
195 0.40169679081569115 17.222000000001 3.8431918282450126 0.3298328673696061 0.08994667410465179 0.0 0.0 0.5538478664256367 12.556454695541737 1.6584289677373098e-10 2.19692411482239e-37
200 0.409785839759911 17.180000000001 3.8397070914543536 0.3303394103716608 0.08820277397147668 0.0 0.0 0.5538310435309064 12.483576445786499 1.6035109010663233e-10 2.1707695987272446e-37
205 0.41791000940371176 17.138000000001 3.8357497661209368 0.33080767854724247 0.08654712402795142 0.0 0.0 0.5537776974061466 12.4086152952571 1.5516655471340461e-10 2.145793402509486e-37
210 0.4260687696890171 17.097000000001 3.831621077125118 0.3312440567222895 0.08496226923191397 0.0 0.0 0.553705034082165 12.334403849274755 1.5024807191064578e-10 2.121668160918321e-37
215 0.4342616037582393 17.056000000001 3.827083498408438 0.3316470993362177 0.08345486538013931 0.0 0.0 0.5535997622396054 12.25844893355447 1.4559479128559017e-10 2.0986017818792803e-37
220 0.44248800749857303 17.016000000001 3.8224303117995744 0.33202252832487833 0.08200876179591712 0.0 0.0 0.553478479248968 12.18351448776909 1.4117037341381444e-10 2.0762806826039987e-37
225 0.45074748910631873 16.977000000001002 3.8176846781000835 0.33237209856906513 0.08061997811246921 0.0 0.0 0.5533425021251891 12.109697559822497 1.3695915467712925e-10 2.0546600955929575e-37
230 0.45903956867016865 16.938000000001 3.812606773580514 0.3326942841011734 0.07929564528741209 0.0 0.0 0.5531788502371784 12.03453056894518 1.3296323502782875e-10 2.0339497270749996e-37
235 0.4673637777724589 16.900000000001 3.807479831140837 0.3329939627763012 0.0780212155592284 0.0 0.0 0.5530032698210308 11.960684505064256 1.2915207107282723e-10 2.0138538975627832e-37
240 0.4757196591074478 16.862000000001 3.8020632120772593 0.3332696005705318 0.07680402179888927 0.0 0.0 0.5528029872370135 11.885711900351579 1.2552915847610812e-10 1.994582676336374e-37
245 0.4841067661157406 16.825000000001 3.7966343923625847 0.3335255872630775 0.07563041237356154 0.0 0.0 0.5525932164188089 11.81222708524931 1.2206708165052514e-10 1.9758508999206937e-37
250 0.492524662634035 16.789000000001 3.7912084560879618 0.3337630751334073 0.07449774561364693 0.0 0.0 0.5523748901553713 11.740282999598989 1.1875573574293448e-10 1.957627046944493e-37
255 0.5009729225594067 16.753000000001002 3.785544395676424 0.33398057510441453 0.07341351762273085 0.0 0.0 0.5521355553552003 11.667466178279636 1.1560004810101157e-10 1.940120630960633e-37
260 0.5094511295274097 16.717000000001 3.7796584886209548 0.3341793972228725 0.07237499580373188 0.0 0.0 0.5518765314078299 11.593871612188767 1.1259026710022756e-10 1.923297069336263e-37
265 0.5179588766032945 16.682000000001 3.7738184932412384 0.33436310101928496 0.07136999563677654 0.0 0.0 0.5516120571154405 11.522011580929343 1.0970389932147461e-10 1.9068893601266068e-37
270 0.5264957659857065 16.648000000001 3.7680351780226755 0.33453251408195306 0.07039658195490255 0.0 0.0 0.5513428248523565 11.451915242076886 1.0693368180047418e-10 1.89087347899571e-37
275 0.5350614087222443 16.614000000001 3.7620680330051326 0.3346862664218423 0.06946231570497662 0.0 0.0 0.5510568072211053 11.381218046503085 1.0428568311050419e-10 1.8754570037776805e-37
280 0.5436554244363104 16.581000000001 3.756178795485959 0.3348273998210447 0.06855588793457826 0.0 0.0 0.5507675895729819 11.31236439105142 1.0174021566910989e-10 1.860384428421328e-37
285 0.552277441064705 16.548000000001 3.7501275177197257 0.3349546229738538 0.06768484300229097 0.0 0.0 0.5504633580399245 11.243014999839795 9.930368131122223e-11 1.8458619505201541e-37
290 0.5609270946054555 16.516000000001 3.744172354034534 0.3350706675784682 0.06683838179431359 0.0 0.0 0.5501572905181933 11.175572183733458 9.695797254353525e-11 1.8316410019245322e-37
295 0.5696040288753955 16.484000000001 3.738074064098407 0.3351743293202204 0.06602400965176396 0.0 0.0 0.5498377858149852 11.107722224552354 9.470971234689812e-11 1.8179262110794279e-37
300 0.5783078952770375 16.453000000001 3.7320875288739956 0.3352680557319493 0.06523138460294065 0.0 0.0 0.5495176378047587 11.041827739387903 9.254217469909712e-11 1.8044754034780743e-37
305 0.5870383525743066 16.422000000001 3.7259743269674854 0.33535073555564904 0.06446795577332994 0.0 0.0 0.5491854563596029 10.975600639183538 9.046211642263331e-11 1.7914914920965597e-37
310 0.5957950666767279 16.392000000001 3.7199863339024337 0.3354245547215094 0.06372379340004175 0.0 0.0 0.5488536731293312 10.911366039569813 8.845402638096986e-11 1.7787382181809426e-37
315 0.6045777104316812 16.362000000001 3.7138860319810107 0.3354884993273314 0.06300627728050423 0.0 0.0 0.5485111067659264 10.846861379029713 8.652472727901832e-11 1.7664166671988644e-37
320 0.6133859634243567 16.333000000001 3.707922524286645 0.3355445134384366 0.06230585134600153 0.0 0.0 0.5481698469459492 10.784376289842962 8.465978229520503e-11 1.754296075286356e-37
325 0.6222195117850668 16.304000000001 3.7018592602824465 0.3355916834163015 0.06162981615022635 0.0 0.0 0.5478189182293177 10.721673496498344 8.286602719756495e-11 1.7425756159129345e-37
330 0.6310780480035854 16.275000000001 3.695702774209384 0.3356305554000102 0.06097704114731226 0.0 0.0 0.5474589586520702 10.658790160310494 8.113979235030463e-11 1.7312390059743224e-37
335 0.6399612707502031 16.247000000001 3.6896983649968087 0.3356627406384953 0.060338472996123056 0.0 0.0 0.5471015761734148 10.597965602495082 7.946804502680826e-11 1.7200630726615025e-37
340 0.6488688847032064 16.220000000001 3.683849330500485 0.3356884990646901 0.05971339172521924 0.0 0.0 0.5467469769578414 10.53919073592399 7.784819153440549e-11 1.7090379981056303e-37
345 0.6578006003824977 16.193000000001 3.6779211698011536 0.33570712104055056 0.05910892088098667 0.0 0.0 0.5463845864631973 10.480277994325498 7.628698152841953e-11 1.698358994394753e-37
350 0.666756133989094 16.166000000001 3.6719190557156365 0.33571904375305966 0.05852415206579928 0.0 0.0 0.5460149289453661 10.421256371382308 7.478153968728748e-11 1.6880125947629574e-37
355 0.6757352072502516 16.140000000001 3.6660838318902735 0.3357254883319197 0.05795060386258222 0.0 0.0 0.5456490339663242 10.364304359358465 7.332036417209062e-11 1.6777845967784279e-37
360 0.684737547269976 16.114000000001 3.6601825747405203 0.3357258968792792 0.05739525953131805 0.0 0.0 0.5452766134704395 10.307270037312504 7.191008238385166e-11 1.6678672018651982e-37
365 0.6937628863846921 16.088000000001 3.6542196284764006 0.3357206392419102 0.05685734589911472 0.0 0.0 0.5448981180961605 10.250177455810467 7.054828834574667e-11 1.658248715040605e-37
370 0.7028109620238577 16.063000000001 3.6484328418529035 0.33571067400173216 0.05632875630720525 0.0 0.0 0.5445241795634007 10.195162665549907 6.922444589922123e-11 1.6487209997053375e-37
375 0.7118815165753156 16.038000000001002 3.6425908804000566 0.3356955928662527 0.055816330314981163 0.0 0.0 0.5441447861703752 10.14010848598804 6.794502343336868e-11 1.6394732495487623e-37
380 0.7209742972551859 16.014000000001 3.6369297584901417 0.33567619382503033 0.05531218644509472 0.0 0.0 0.5437703235995515 10.087124447379699 6.670004877794277e-11 1.6303010592021626e-37
385 0.7300890559821179 15.990000000001 3.6312192149741405 0.33565216825841176 0.054823065444083614 0.0 0.0 0.5433909607150897 10.034116058512717 6.54958653842135e-11 1.6213915940484037e-37
390 0.7392255492557214 15.966000000001001 3.6254625494049004 0.33562380075571263 0.054348365532209224 0.0 0.0 0.5430070518576787 9.981101171096492 6.433065349020692e-11 1.6127354697425275e-37
395 0.7483835380390059 15.943000000001 3.6198931940008703 0.33559166322070655 0.05388051749688871 0.0 0.0 0.5426286335199251 9.93015141815675 6.31952023464911e-11 1.604133552726236e-37
400 0.757562787644675 15.920000000001 3.6142824658945116 0.33555559172011445 0.053426116784909335 0.0 0.0 0.5422461331135362 9.879204972148438 6.209566294147074e-11 1.5957700283907243e-37
405 0.7667630676251148 15.898000000001 3.6088622012839258 0.3355160187337938 0.05297778398308518 0.0 0.0 0.5418693706946227 9.830309756998558 6.102327430865177e-11 1.5874490349674942e-37
410 0.7759841516659357 15.875000000001 3.6031763712555076 0.33547274304436064 0.052548807812576294 0.0 0.0 0.5414795196104432 9.779402893638805 5.999112704608689e-11 1.5795391167696928e-37
415 0.785225817482926 15.853000000001 3.5976849304115093 0.3354263067137302 0.05212506409040951 0.0 0.0 0.5410957944799794 9.730552938198644 5.898353575255961e-11 1.57165871830781e-37
420 0.7944878467222861 15.832000000001 3.5923884325108073 0.33537675706271197 0.05170629634078992 0.0 0.0 0.5407181944424982 9.68374065466988 5.7999563571941594e-11 1.563804209222853e-37
425 0.803770024864014 15.810000000001 3.5868341897732083 0.33532418967530564 0.051305459624776985 0.0 0.0 0.5403283945376588 9.634965105592837 5.7051718945457717e-11 1.5563376415871556e-37
430 0.8130721411283252 15.789000000001 3.5814781371155524 0.335268794229311 0.05090887868825283 0.0 0.0 0.5399450440356672 9.588229665255984 5.612528107836946e-11 1.5488855971443343e-37
435 0.822393988384987 15.769000000001 3.5763205831074267 0.33521059888733 0.05051634156833184 0.0 0.0 0.5395681236291391 9.543514730994989 5.5219465496623826e-11 1.5414450841619737e-37
440 0.8317353630654608 15.748000000001001 3.570912052771575 0.3351499824230398 0.0501404846018511 0.0 0.0 0.5391797832784698 9.4968784855554 5.434622836038838e-11 1.5343718990481847e-37
445 0.841096065077744 15.728000000001 3.565704707080566 0.3350868051240625 0.049768047891328514 0.0 0.0 0.538798143949147 9.452262658016853 5.349171767651159e-11 1.5273002827394917e-37
450 0.8504758977238134 15.708000000001 3.560474889581684 0.33502135247069975 0.049405161200006396 0.0 0.0 0.5384144132696447 9.407705304672243 5.266140913383117e-11 1.5204049066392672e-37
455 0.8598746676195699 15.689000000001 3.555447516445089 0.33495345519710445 0.04904524204977294 0.0 0.0 0.5380374664371381 9.36514772128963 5.1848331293144725e-11 1.5135041659062178e-37
460 0.869292184617197 15.669000000001 3.5501771834670723 0.3348838476487572 0.04870052640913875 0.0 0.0 0.5376500451444665 9.320722778214398 5.106375344693495e-11 1.5069459123478076e-37
465 0.878728261729842 15.650000000001 3.54511136143427 0.334811982995244 0.04835826249269173 0.0 0.0 0.5372696175338469 9.278294704107049 5.029485705742288e-11 1.500373927169865e-37
470 0.8881827150585352 15.632000000001 3.5402499541185772 0.3347378576996034 0.04801831551975487 0.0 0.0 0.5368961344062056 9.237843714619533 4.954111871368275e-11 1.4937863527472606e-37
475 0.8976553637212676 15.613000000001 3.5351504727702965 0.33466245864964395 0.047692636528373154 0.0 0.0 0.5365127539968768 9.195555903455539 4.8813323741238495e-11 1.487525332525239e-37
480 0.9071460297841505 15.595000000001 3.5302571095368527 0.33458495623832896 0.04736882377758294 0.0 0.0 0.5361364927097093 9.155240944053558 4.8099344914806275e-11 1.4812413379454122e-37
485 0.9166545381945798 15.577000000001 3.5253494447024725 0.3345059176910891 0.04705270702928352 0.0 0.0 0.5357590323198306 9.114999065277026 4.740420199742903e-11 1.4751028648033417e-37
490 0.9261807167163362 15.559000000001001 3.520428677500159 0.3344254515984514 0.04674403626362293 0.0 0.0 0.5353805129400233 9.074836017975507 4.672721153221606e-11 1.469105621440849e-37
495 0.9357243958665549 15.542000000001 3.5157152124856172 0.33434300111786613 0.04643672617825726 0.0 0.0 0.5350091999083424 9.036620881627007 4.606242874794917e-11 1.463077376423346e-37
500 0.945285408854495 15.524000000001001 3.5107711360655594 0.33425994544074744 0.046142284358265256 0.0 0.0 0.5346288918709041 8.996623104089492 4.5419897412150316e-11 1.457351277728536e-37
505 0.9548635915220496 15.507000000001 3.506035561451294 0.3341750200656627 0.04584884351657463 0.0 0.0 0.5342559131665119 8.958566939580926 4.478851568892054e-11 1.4515881909053679e-37
510 0.9644587822859348 15.490000000001 3.5012902143560476 0.33408897580380514 0.04556203530689571 0.0 0.0 0.5338822485945061 8.920593331540308 4.417300119703188e-11 1.4459524868651908e-37
515 0.9740708220815031 15.474000000001 3.4967535125242573 0.33400108696957714 0.045275987990946606 0.0 0.0 0.5335158987985691 8.884538746702722 4.356782866556576e-11 1.4402760827117188e-37
520 0.9836995543081201 15.457000000001 3.4919909741141244 0.3339130238339827 0.04500187908027423 0.0 0.0 0.5331411327236754 8.846735270069384 4.298249792930207e-11 1.4348853477235682e-37
525 0.9933448247760568 15.441000000001 3.4874379792165193 0.33382320524615644 0.044728228158757655 0.0 0.0 0.5327737740617383 8.810843598021108 4.240662572065561e-11 1.4294488170921404e-37
530 1.003006481654845 15.425000000001 3.482877881733414 0.33373251974860396 0.04446051671809862 0.0 0.0 0.5324060317340871 8.775035349545583 4.184470081213615e-11 1.4241277106240219e-37
535 1.012684375423045 15.410000000001 3.4785272560375353 0.33364008625536945 0.044193068594007685 0.0 0.0 0.5320456650530516 8.741116571527654 4.1291569305113416e-11 1.418757812004661e-37
540 1.0223783588193813 15.394000000001 3.4739548719696356 0.33354784812774363 0.043936749966759045 0.0 0.0 0.5316773775423754 8.705478227435153 4.075622743892492e-11 1.413659027081682e-37
545 1.0320882867951986 15.379000000001 3.4695926189769457 0.3334539307218156 0.04368043836587665 0.0 0.0 0.5313165343825339 8.671721571501196 4.022893679159807e-11 1.4085070979265443e-37
550 1.041814016468199 15.364000000001 3.4652254043687094 0.33335935261711025 0.04342947204889998 0.0 0.0 0.5309555524050938 8.638047110774595 3.971396990471721e-11 1.403460214697178e-37
555 1.0515554070774096 15.349000000001 3.460853887974974 0.33326417541517206 0.04318369672078441 0.0 0.0 0.5305945101922577 8.604457696987822 3.921092871320541e-11 1.3985156019652183e-37
560 1.061312319939354 15.334000000001 3.4564786959578457 0.3331684577133468 0.042942963923715785 0.0 0.0 0.5302334823050378 8.570955999477237 3.871943138097625e-11 1.3936705806605719e-37
565 1.0710846184053746 15.319000000001001 3.4521004224753966 0.33307225525061324 0.042707130769992205 0.0 0.0 0.5298725394751739 8.537544514684097 3.8239111509316053e-11 1.388922564038786e-37
570 1.0808721678200799 15.305000000001 3.447932715081299 0.33297444301644175 0.04247082666350911 0.0 0.0 0.529519065999272 8.505980191327426 3.7765373256898524e-11 1.3841135049555972e-37
575 1.0906748354808746 15.291000000001 3.4437623032644944 0.33287619026296256 0.04223922241628217 0.0 0.0 0.5291657166277438 8.47449755721455 3.7302238422688203e-11 1.379398016364012e-37
580 1.1004924905985403 15.277000000001001 3.439589715873932 0.3327775469447982 0.0420121879957627 0.0 0.0 0.528812554362068 8.443098792727895 3.684937848695041e-11 1.3747737222855336e-37
585 1.1103250042588337 15.263000000001 3.4354154549676577 0.33267856060547896 0.04178959809331077 0.0 0.0 0.5284596389556415 8.41178593576759 3.640647779340756e-11 1.370238326174004e-37
590 1.1201722493850692 15.249000000001 3.431239997103462 0.3325792764914732 0.041571331916273165 0.0 0.0 0.5281070270664003 8.380560889048317 3.5973232945937664e-11 1.365789607708316e-37
595 1.1300341007016574 15.236000000001 3.427275110310626 0.332478415322618 0.04135221221760361 0.0 0.0 0.5277618704366807 8.351148765389585 3.5545385629879503e-11 1.3612735114496228e-37
600 1.1399104346985687 15.222000000001 3.4230982611453054 0.33237863593202077 0.04114228015413861 0.0 0.0 0.5274099825497316 8.320098381343874 3.513064005710246e-11 1.3569924583567854e-37
605 1.1498011295966906 15.209000000001 3.4191321602600193 0.3322773062213153 0.04093133755608852 0.0 0.0 0.5270655683067916 8.290852114151427 3.4720842940505654e-11 1.3526413029264418e-37
610 1.1597060653140578 15.196000000001 3.4151658972743624 0.3321757873711715 0.0407243385236612 0.0 0.0 0.5267215776967116 8.261688187755635 3.431969767081918e-11 1.3483699700588497e-37
615 1.1696251234329225 15.183000000001 3.4111998570575044 0.3320741163620693 0.04052118008173425 0.0 0.0 0.5263780562235175 8.23260805795254 3.392695086680214e-11 1.3441765398392216e-37
620 1.1795581871676415 15.171000000001001 3.407444079832875 0.331970873979675 0.04031686092039224 0.0 0.0 0.5260419480814675 8.20530721879464 3.353864139828886e-11 1.3399106488054445e-37
625 1.1895051413333573 15.158000000001 3.4034792529747757 0.33186897785778946 0.040121118532627655 0.0 0.0 0.5256994548016789 8.176392940032638 3.3162015129140353e-11 1.335868148916571e-37
630 1.1994658723154457 15.146000000001 3.3997247477802666 0.33176552666690495 0.03992408607891639 0.0 0.0 0.5253643819681922 8.149249269218714 3.2789456485302e-11 1.3317509313678852e-37
635 1.2094402680397107 15.134000000001 3.395971218851522 0.3316620067650934 0.03973057391748565 0.0 0.0 0.5250298671604787 8.122183269787906 3.242446137536392e-11 1.3277057759458474e-37
640 1.2194282179433011 15.122000000001 3.3922189790666817 0.3315584485697618 0.039540493585148 0.0 0.0 0.5246959469870607 8.095196060009588 3.206681652904324e-11 1.323731011149369e-37
645 1.2294296129463322 15.110000000001001 3.388468325449105 0.3314548810440535 0.0393537595502616 0.0 0.0 0.5243626560862559 8.068288677768708 3.1716316297132873e-11 1.3198250167529636e-37
650 1.2394443454241855 15.098000000001 3.384719539891162 0.33135133176192544 0.03917028909458587 0.0 0.0 0.5240300272158193 8.041462084550204 3.137276232447861e-11 1.3159862218982943e-37
655 1.2494723091804716 15.086000000001 3.3809728898433593 0.3312478269701393 0.03899000220071333 0.0 0.0 0.523698091338454 8.014717169228689 3.103596323923638e-11 1.3122131032684917e-37
660 1.2595133994206367 15.075000000001001 3.3774359102924274 0.33114274820951983 0.0388081501832217 0.0 0.0 0.5233735051593298 7.989706146696965 3.0702367295652566e-11 1.3083606982692689e-37
665 1.2695675127261916 15.063000000001 3.373694004397502 0.33103938471913563 0.03863402689768464 0.0 0.0 0.5230430101372535 7.96312180980756 3.0378570005010935e-11 1.304715121869001e-37
670 1.279634547029547 15.052000000001 3.370161688756721 0.3309344510394253 0.038458243621040396 0.0 0.0 0.5227198577188632 7.938262765718818 3.00577036740754e-11 1.3009885949259972e-37
675 1.289714401589436 15.041000000001 3.36663191304927 0.330829613468734 0.0382853998275605 0.0 0.0 0.5223974468026538 7.913478358293146 2.9742966686399996e-11 1.2973232224961516e-37
680 1.2998069769669118 15.030000000001001 3.3631048964286694 0.33072489376945163 0.038115425991900785 0.0 0.0 0.5220758022586451 7.888769268152862 2.9434196097001636e-11 1.2937176649349694e-37
685 1.3099121750018972 15.019000000001 3.3595808467273955 0.33062031265360614 0.03794825476378209 0.0 0.0 0.5217549475390153 7.864136120504469 2.913123445988312e-11 1.290170621532812e-37
690 1.3200298987902785 15.008000000001001 3.3560599609587753 0.3305158898284431 0.03778382088505234 0.0 0.0 0.5214349047416559 7.839579487850313 2.8833929604847975e-11 1.2866808291382675e-37
695 1.330160052661519 14.998000000001001 3.352747822515248 0.33040985529540934 0.037617570778670374 0.0 0.0 0.5211221195681335 7.816717384558215 2.8539032113220847e-11 1.2831075817017877e-37
700 1.3403025421567878 14.987000000001 3.3492335645900413 0.33030578532877974 0.0374584477030052 0.0 0.0 0.5208037351105053 7.792310591984499 2.825263917926809e-11 1.279729179742886e-37
705 1.350457274007581 14.977000000001 3.3459278975539704 0.3302001004794415 0.037297435624738966 0.0 0.0 0.5204925945090033 7.7695900990760975 2.7968442545899994e-11 1.276266046370221e-37
710 1.360624156114829 14.967000000001 3.3426255963252243 0.33009460679015246 0.037138965886741475 0.0 0.0 0.5201822916822133 7.7469388937942645 2.7689409393672833e-11 1.2728565085900068e-37
715 1.3708030975284686 14.957000000001 3.339326823573325 0.3299893207191901 0.03698298127120226 0.0 0.0 0.519872844316785 7.724357413380129 2.7415408970389513e-11 1.2694994464707843e-37
720 1.3809940084274763 14.947000000001001 3.3360317333882588 0.32988425792048687 0.036829426266495824 0.0 0.0 0.519564269020173 7.701846054429439 2.7146314731911552e-11 1.2661937711831643e-37
725 1.3911968001003416 14.937000000001001 3.3327404716515225 0.32977943327765324 0.036678247005062614 0.0 0.0 0.5192565813684732 7.679405174858561 2.6882004179101287e-11 1.262938423946753e-37
730 1.4014113849259742 14.927000000001 3.329453176390623 0.3296748609364992 0.03652939120393292 0.0 0.0 0.5189497959521182 7.6570350957788795 2.662235870210939e-11 1.259732375018674e-37
735 1.411637676355032 14.917000000001 3.3261699781178202 0.3295705543361257 0.03638280810777049 0.0 0.0 0.5186439264195748 7.634736103284591 2.636726343163478e-11 1.2565746227219391e-37
740 1.4218755888916568 14.908000000001 3.323094219088476 0.3294645741780019 0.036234167124864325 0.0 0.0 0.5183451939718692 7.614086637818911 2.6113798987137458e-11 1.2533294175428065e-37
745 1.4321250380756088 14.898000000001 3.3198193565315433 0.3293608203906001 0.036092004187473985 0.0 0.0 0.5180411719126569 7.5919263230289555 2.586750341513777e-11 1.2502658428185678e-37
750 1.4423859404647894 14.889000000001001 3.316751715554057 0.32925538409415667 0.03594773162929469 0.0 0.0 0.5177442680848006 7.571407775607929 2.5622685007617464e-11 1.2471139145483904e-37
755 1.4526582136181416 14.880000000001 3.3136881922048014 0.3291502292597832 0.03580558447138091 0.0 0.0 0.5174482856060904 7.550953050621231 2.53820489715685e-11 1.2440074866682592e-37
760 1.4629417760789156 14.870000000001001 3.31042656551403 0.3290473843191401 0.03566971353877786 0.0 0.0 0.5171471088523595 7.52900024893088 2.5148187036690668e-11 1.2410784890646148e-37
765 1.4732365473582938 14.861000000001 3.307371812557109 0.3289428413567087 0.03553166280169602 0.0 0.0 0.5168530199193169 7.5086776823415695 2.4915591566033228e-11 1.2380599214051203e-37
770 1.4835424479193666 14.852000000001 3.304321481746409 0.3288386117746046 0.03539560663277584 0.0 0.0 0.5165598820178904 7.488419474121961 2.4686888676991817e-11 1.2350842411274474e-37
775 1.4938593991614442 14.844000000001001 3.3014773594914417 0.3287326423288199 0.035257368974365065 0.0 0.0 0.5162737735520648 7.469776252895061 2.445937814495114e-11 1.2320191937731256e-37
780 1.5041873234047003 14.835000000001001 3.298435937335675 0.32862905336902243 0.03512519878235501 0.0 0.0 0.5159825448029659 7.4496433227573196 2.42382165290848e-11 1.2291272771433575e-37
785 1.5145261438751385 14.826000000001 3.295399199166979 0.32852580560086564 0.03499490223970052 0.0 0.0 0.5156922913370533 7.429575114422124 2.4020682016169925e-11 1.2262758192285834e-37
790 1.524875784689876 14.818000000001 3.292568304305508 0.32842080072038216 0.03486236559265044 0.0 0.0 0.5154090372926492 7.411111005202516 2.3804160563772593e-11 1.2233339876445242e-37
795 1.535236170842724 14.809000000001001 3.2895409633054196 0.3283182457661695 0.034735722031614694 0.0 0.0 0.5151207369483989 7.391168673850398 2.3593658258819205e-11 1.2205616006992978e-37
800 1.5456072281900786 14.801000000001 3.2867192132414367 0.3282139212986292 0.034606803117000255 0.0 0.0 0.5148394152666261 7.372823275894706 2.33840595291959e-11 1.217698239421637e-37
