600 2.0301295882619206 9.806000000001001 1.8473339505974657 0.27844471282948424 0.0
599 2.0271295882619205 9.808000000001 1.847683004044278 0.27844053508256683 0.0
598 2.0241295882619204 9.810000000001 1.8480316055653379 0.27843629094908245 0.0
597 2.0211295882619202 9.812000000001001 1.84837975150514 0.27843197991897667 0.0
596 2.0181295882619206 9.814000000001 1.848727438180971 0.27842760147851314 0.0
595 2.0151295882619205 9.816000000001 1.849074661882681 0.27842315511024285 0.0
594 2.0121295882619203 9.818000000001 1.8494214188724605 0.27841864029297464 0.0
593 2.0091295882619202 9.820000000001 1.8497677053846244 0.2784140565017462 0.0
592 2.0061295882619206 9.822000000001001 1.8501135176253665 0.278409403207791 0.0
591 2.0031295882619204 9.824000000001 1.8504588517725502 0.2784046798785109 0.0
590 2.0001295882619203 9.826000000001 1.8508037039754601 0.2783998859774425 0.0
589 1.9971295882619204 9.828000000001001 1.8511480703545875 0.2783950209642287 0.0
588 1.9941295882619203 9.830000000001 1.851491947001363 0.27839008429458273 0.0
587 1.9911295882619204 9.832000000001 1.8518353299779715 0.27838507542026414 0.0
586 1.9881295882619203 9.834000000001 1.8521782153170572 0.2783799937890386 0.0
585 1.9851295882619204 9.836000000001 1.8525205990214966 0.27837483884464786 0.0
584 1.9821295882619203 9.838000000001001 1.8528624770641795 0.2783696100267806 0.0
583 1.9791295882619204 9.840000000001 1.853203845387751 0.2783643067710385 0.0
582 1.9761295882619203 9.842000000001 1.8535446999043301 0.2783589285088973 0.0
581 1.9731295882619204 9.844000000001001 1.8538850364953001 0.2783534746676801 0.0
580 1.9701295882619203 9.846000000001 1.8542248510110484 0.2783479446705224 0.0
579 1.9671295882619204 9.848000000001 1.854564139270678 0.27834233793633284 0.0
578 1.9641295882619203 9.850000000001 1.8549028970617991 0.27833665387976647 0.0
577 1.9611295882619204 9.852000000001 1.8552411201402168 0.27833089191118215 0.0
576 1.9581295882619203 9.854000000001001 1.8555788042297037 0.2783250514366127 0.0
575 1.9551295882619204 9.857000000001001 1.8560976792463846 0.27831814685896816 0.0
574 1.9521295882619203 9.859000000001 1.8564343523830407 0.27831216037225576 0.0
573 1.9491295882619204 9.861000000001 1.8567704737541815 0.278306093611314 0.0
572 1.9461295882619203 9.863000000001 1.857106038953515 0.27829994596466356 0.0
571 1.9431295882619204 9.865000000001 1.8574410435413835 0.2782937168163222 0.0
570 1.9401295882619203 9.867000000001001 1.8577754830444373 0.2782874055457599 0.0
569 1.9371295882619204 9.869000000001 1.858109352955378 0.2782810115278656 0.0
568 1.9341295882619205 9.871000000001 1.8584426487326755 0.2782745341329088 0.0
567 1.9311295882619204 9.873000000001001 1.85877536580027 0.2782679727265003 0.0
566 1.9281295882619205 9.875000000001 1.859107499547287 0.27826132666955383 0.0
565 1.9251295882619204 9.878000000001 1.8596215714788926 0.2782537374422408 0.0
564 1.9221295882619205 9.880000000001 1.859952607098327 0.27824693335160067 0.0
563 1.9191295882619204 9.882000000001 1.8602830456079682 0.2782400427061838 0.0
562 1.9161295882619205 9.884000000001 1.8606128822555856 0.2782330648478917 0.0
561 1.9131295882619204 9.886000000001001 1.8609421122526373 0.27822599911372936 0.0
560 1.9101295882619205 9.888000000001 1.8612707307740133 0.2782188448357723 0.0
559 1.9071295882619204 9.890000000001 1.8615987329576706 0.2782116013411167 0.0
558 1.9041295882619205 9.892000000001001 1.8619261139043461 0.2782042679518415 0.0
557 1.9011295882619204 9.895000000001 1.86243604277535 0.2781960902044762 0.0
556 1.8981295882619205 9.897000000001 1.8627622509488306 0.2781885885103065 0.0
555 1.8951295882619204 9.899000000001001 1.8630878232229913 0.2781809949001589 0.0
554 1.8921295882619205 9.901000000001 1.8634127545473749 0.27817330867579404 0.0
553 1.8891295882619203 9.903000000001 1.8637370398326947 0.27816552913374104 0.0
552 1.8861295882619205 9.905000000001001 1.864060673950504 0.27815765556525385 0.0
551 1.8831295882619203 9.908000000001 1.8645673179156428 0.2781490126315566 0.0
550 1.8801295882619204 9.910000000001 1.8648897202856134 0.2781409626585639 0.0
549 1.8771295882619203 9.912000000001001 1.8652114561316087 0.2781328165447784 0.0
548 1.8741295882619204 9.914000000001 1.8655325201661033 0.27812457356008957 0.0
547 1.8711295882619203 9.916000000001 1.865852907060714 0.27811623296888577 0.0
546 1.8681295882619204 9.918000000001001 1.866172611445868 0.27810779403001046 0.0
545 1.8651295882619203 9.921000000001001 1.8666757957318352 0.278098662073754 0.0
544 1.8621295882619204 9.923000000001 1.8669942065667793 0.27809003825336764 0.0
543 1.8591295882619203 9.925000000001 1.8673119188052032 0.2780813138731251 0.0
542 1.8561295882619204 9.927000000001 1.8676289269100799 0.2780724881693944 0.0
541 1.8531295882619203 9.929000000001 1.8679452253013669 0.2780635603727556 0.0
540 1.8501295882619204 9.932000000001 1.8684453984485907 0.27805400378666734 0.0
539 1.8471295882619203 9.934000000001001 1.8687603496113232 0.2780448837566305 0.0
538 1.8441295882619204 9.936000000001 1.8690745743356227 0.27803565933618246 0.0
537 1.8411295882619203 9.938000000001 1.8693880668666603 0.2780263297324565 0.0
536 1.8381295882619204 9.941000000001 1.8698857504225854 0.2780164228789803 0.0
535 1.8351295882619203 9.943000000001 1.8701978513459152 0.2780068949721824 0.0
534 1.8321295882619204 9.945000000001 1.8705092028212438 0.2779972595137884 0.0
533 1.8291295882619203 9.947000000001001 1.8708197989127866 0.27798751568666724 0.0
532 1.8261295882619204 9.950000000001001 1.8713149060375869 0.27797724677711066 0.0
531 1.8231295882619203 9.952000000001 1.8716240647167564 0.2779672983876119 0.0
530 1.8201295882619204 9.954000000001 1.8719324502087766 0.27795723918778137 0.0
529 1.8171295882619203 9.956000000001 1.8722400563905672 0.27794706833538513 0.0
528 1.8141295882619204 9.959000000001 1.872732497387886 0.2779364252041037 0.0
527 1.8111295882619205 9.961000000001 1.8730386188763297 0.27792604333371596 0.0
526 1.8081295882619204 9.963000000001001 1.8733439426830827 0.27791554729330203 0.0
525 1.8051295882619205 9.965000000001 1.8736484624910963 0.27790493621464174 0.0
524 1.8021295882619204 9.968000000001 1.874138144705064 0.2778939063056012 0.0
523 1.7991295882619205 9.970000000001 1.8744411310096791 0.2778830775500943 0.0
522 1.7961295882619204 9.972000000001 1.8747432943557385 0.2778721311603531 0.0
521 1.7931295882619205 9.975000000001 1.8752308635886705 0.27786080576853744 0.0
520 1.7901295882619204 9.977000000001 1.8755314559334806 0.2778496365940667 0.0
519 1.7871295882619205 9.979000000001001 1.8758312059055808 0.27783834712880967 0.0
518 1.7841295882619204 9.982000000001001 1.8763166074198598 0.2778267188578494 0.0
517 1.7811295882619205 9.984000000001 1.8766147479808235 0.27781520137904925 0.0
516 1.7781295882619204 9.986000000001 1.876912026288393 0.2778035608907422 0.0
515 1.7751295882619205 9.988000000001 1.8772084355102778 0.2777917964557713 0.0
514 1.7721295882619204 9.991000000001 1.8776908335319562 0.2777797483101001 0.0
513 1.7691295882619205 9.993000000001 1.87798558046856 0.2777677486632163 0.0
512 1.7661295882619203 9.995000000001001 1.878279437796115 0.2777556222652623 0.0
511 1.7631295882619205 9.998000000001001 1.8787595347083392 0.2777432532287656 0.0
510 1.7601295882619203 10.000000000001 1.8790516891132671 0.2777308860947472 0.0
509 1.7571295882619204 10.002000000001 1.8793429328892939 0.2777183893391403 0.0
508 1.7541295882619203 10.005000000001 1.8798206692564663 0.27770569139788864 0.0
507 1.7511295882619204 10.007000000001 1.880110168475168 0.2776929482499588 0.0
506 1.7481295882619203 10.010000000001 1.8805863238859848 0.2776800308381971 0.0
505 1.7451295882619204 10.012000000001 1.8808740504281807 0.2776670374859632 0.0
504 1.7421295882619203 10.014000000001001 1.8811608302713543 0.2776539095937606 0.0
503 1.7391295882619204 10.017000000001001 1.8816345230464828 0.2776406495315002 0.0
502 1.7361295882619203 10.019000000001 1.8819194868570872 0.2776272655509785 0.0
501 1.7331295882619204 10.021000000001 1.8822034815586983 0.277613743975056 0.0
500 1.7301295882619203 10.024000000001001 1.8826746481905237 0.2776001327139488 0.0
499 1.7271295882619204 10.026000000001 1.882956782431359 0.2775863490237993 0.0
498 1.7241295882619203 10.029000000001 1.8834262562178885 0.27757250325798877 0.0
497 1.7211295882619204 10.031000000001 1.8837064999793216 0.2775584533907794 0.0
496 1.7181295882619203 10.033000000001 1.883985736162329 0.2775442606909947 0.0
495 1.7151295882619204 10.036000000001 1.8844525746832996 0.2775300490587076 0.0
494 1.7121295882619203 10.038000000001 1.8847298741075493 0.2775155839112332 0.0
493 1.7091295882619204 10.041000000001 1.8851949460271038 0.2775011278795197 0.0
492 1.7061295882619203 10.043000000001001 1.8854702774149164 0.2774863860553989 0.0
491 1.7031295882619204 10.045000000001 1.8857445611650747 0.27747149595049736 0.0
490 1.7001295882619203 10.048000000001 1.8862068840336095 0.27745665877384035 0.0
489 1.6971295882619204 10.050000000001 1.886479151530112 0.2774414854656129 0.0
488 1.6941295882619203 10.053000000001001 1.8869396308686976 0.2774263935800074 0.0
487 1.6911295882619204 10.055000000001 1.8872098495154974 0.2774109326656374 0.0
486 1.6881295882619205 10.058000000001 1.8876684537615476 0.27739558184791263 0.0
485 1.6851295882619204 10.060000000001 1.8879365904188095 0.27737982885296847 0.0
484 1.6821295882619205 10.063000000001 1.8883932874697515 0.27736421480952944 0.0
483 1.6791295882619204 10.065000000001 1.8886593084437109 0.2773481651866461 0.0
482 1.6761295882619205 10.068000000001 1.8891140656468002 0.2773322835521607 0.0
481 1.6731295882619204 10.070000000001 1.8893779366792927 0.27731593267967647 0.0
480 1.6701295882619205 10.072000000001001 1.8896406661764218 0.27729942078370284 0.0
479 1.6671295882619204 10.075000000001001 1.8900924070789524 0.2772831221962957 0.0
478 1.6641295882619205 10.077000000001 1.8903529338295961 0.27726630191871426 0.0
477 1.6611295882619204 10.080000000001 1.8908026504388684 0.2772497244491826 0.0
476 1.6581295882619205 10.082000000001 1.891060938724659 0.2772325909759939 0.0
475 1.6551295882619204 10.085000000001001 1.8915085963759684 0.2772157299966056 0.0
474 1.6521295882619205 10.087000000001 1.8917646098759402 0.2771982784345427 0.0
473 1.6491295882619204 10.090000000001 1.8922101733054377 0.2771811292395102 0.0
472 1.6461295882619205 10.092000000001 1.8924638750845562 0.27716335461454733 0.0
471 1.6431295882619203 10.095000000001 1.8929073084177497 0.277145912418546 0.0
470 1.6401295882619205 10.098000000001 1.8933497086667737 0.2771283293744592 0.0
469 1.6371295882619203 10.100000000001 1.8935999276551545 0.2771100696110225 0.0
468 1.6341295882619205 10.103000000001 1.8940401431730314 0.27709218629266863 0.0
467 1.6311295882619203 10.105000000001 1.8942879556876953 0.27707359072780546 0.0
466 1.6281295882619204 10.108000000001 1.8947259490235908 0.2770554021448039 0.0
465 1.6251295882619203 10.110000000001001 1.8949713158887422 0.27703646551015126 0.0
464 1.6221295882619204 10.113000000001 1.8954070489388288 0.27701796658713007 0.0
463 1.6191295882619203 10.115000000001 1.8956499303098597 0.27699868352645396 0.0
462 1.6161295882619204 10.118000000001 1.8960833643045998 0.2769798691014116 0.0
461 1.6131295882619203 10.121000000001 1.8965156812162474 0.2769609026949295 0.0
460 1.6101295882619204 10.123000000001001 1.8967548151464226 0.27694109899157393 0.0
459 1.6071295882619203 10.126000000001001 1.8971847739303147 0.27692180923343374 0.0
458 1.6041295882619204 10.128000000001 1.8974213201029941 0.2769016453802776 0.0
457 1.6011295882619203 10.131000000001 1.8978488802703115 0.2768820268850314 0.0
456 1.5981295882619204 10.133000000001001 1.898082796399148 0.27686149720542075 0.0
455 1.5951295882619203 10.136000000001001 1.898507916748678 0.2768415444949829 0.0
454 1.5921295882619204 10.139000000001001 1.898931849973201 0.2768214305359984 0.0
453 1.5891295882619203 10.141000000001 1.899161798422282 0.27680035071840015 0.0
452 1.5861295882619204 10.144000000001 1.8995832290278558 0.2767798942107632 0.0
451 1.5831295882619203 10.146000000001 1.8998104388639292 0.27675843401656486 0.0
450 1.5801295882619204 10.149000000001001 1.9002293238087136 0.2767376292431416 0.0
449 1.5771295882619203 10.152000000001001 1.900646968928528 0.27671665625861125 0.0
448 1.5741295882619204 10.154000000001 1.9008700456123646 0.27669462379766674 0.0
447 1.5711295882619203 10.157000000001 1.9012850794470202 0.2766732938478781 0.0
446 1.5681295882619204 10.160000000001 1.9016988407687085 0.2766517913742522 0.0
445 1.5651295882619203 10.162000000001001 1.9019176817515078 0.27662917295232403 0.0
444 1.5621295882619204 10.165000000001001 1.9023287644032452 0.27660730458596994 0.0
443 1.5591295882619205 10.168000000001001 1.9027385409664206 0.27658525926862493 0.0
442 1.5561295882619204 10.170000000001 1.902953040990757 0.2765620408380628 0.0
441 1.5531295882619205 10.173000000001 1.9033600696856592 0.2765396204657171 0.0
440 1.5501295882619204 10.176000000001 1.9037657578018374 0.27651701859736205 0.0
439 1.5471295882619205 10.178000000001001 1.9039758088204402 0.27649318574662646 0.0
438 1.5441295882619204 10.181000000001001 1.9043786780015144 0.27647019941915196 0.0
437 1.5411295882619205 10.184000000001001 1.9047801711712384 0.27644702692922546 0.0
436 1.5381295882619204 10.186000000001 1.9049856622628893 0.27642256487204087 0.0
435 1.5351295882619205 10.189000000001 1.9053842635053437 0.2763989982697519 0.0
434 1.5321295882619204 10.192000000001 1.9057814523324739 0.27637524071345976 0.0
433 1.5291295882619205 10.195000000001 1.9061772165197675 0.2763512905994663 0.0
432 1.5261295882619204 10.197000000001001 1.9063764915386527 0.276325972699057 0.0
431 1.5231295882619205 10.200000000001001 1.906769263641679 0.27630161524603053 0.0
430 1.5201295882619204 10.203000000001001 1.9071605733604446 0.27627706027128895 0.0
429 1.5171295882619205 10.205000000001 1.9073550183604895 0.27625107721212294 0.0
428 1.5141295882619203 10.208000000001 1.9077432582806753 0.27622610463467345 0.0
427 1.5111295882619205 10.211000000001 1.908129997029545 0.2762009294373009 0.0
426 1.5081295882619203 10.214000000001 1.90851522157506 0.276175549912715 0.0
425 1.5051295882619204 10.216000000001001 1.9087030799750826 0.27614866176276376 0.0
424 1.5021295882619203 10.219000000001001 1.9090851280480543 0.2761228505672815 0.0
423 1.4991295882619204 10.222000000001 1.9094656216911432 0.2760968297613037 0.0
422 1.4961295882619203 10.225000000001 1.909844547384428 0.27607059757500585 0.0
421 1.4931295882619204 10.228000000001 1.9102218914831695 0.2760441522226025 0.0
420 1.4901295882619203 10.230000000001 1.9104012356998092 0.27601609642330205 0.0
419 1.4871295882619204 10.233000000001 1.910775264634292 0.27598920113374675 0.0
418 1.4841295882619203 10.236000000001 1.9111476698643326 0.27596208715287485 0.0
417 1.4811295882619204 10.239000000001 1.9115184372314273 0.27593475262908185 0.0
416 1.4781295882619203 10.242000000001001 1.9118875524456698 0.27590719569396993 0.0
415 1.4751295882619204 10.244000000001 1.9120580205573183 0.27587792430292957 0.0
414 1.4721295882619203 10.247000000001 1.9124236754478237 0.27584989833116386 0.0
413 1.4691295882619204 10.250000000001 1.9127876340922965 0.27582164416823574 0.0
412 1.4661295882619203 10.253000000001 1.9131498816596473 0.27579315987645026 0.0
411 1.4631295882619204 10.256000000001 1.913510403180303 0.27576444350042223 0.0
410 1.4601295882619203 10.258000000001001 1.9136716165522598 0.27573390640959095 0.0
409 1.4571295882619204 10.261000000001001 1.9140285257788332 0.27570470102042255 0.0
408 1.4541295882619203 10.264000000001001 1.9143836627763242 0.27567525749907296 0.0
407 1.4511295882619204 10.267000000001001 1.914737012004912 0.2756455738171748 0.0
406 1.4481295882619203 10.270000000001 1.9150885577787777 0.275615647927719 0.0
405 1.4451295882619204 10.273000000001 1.915438284264576 0.275585477764862 0.0
404 1.4421295882619203 10.276000000001 1.9157861754798535 0.2755550612437259 0.0
403 1.4391295882619204 10.279000000001 1.9161322152914253 0.275524396260193 0.0
402 1.4361295882619205 10.281000000001 1.916277871379501 0.27549173760517487 0.0
401 1.4331295882619204 10.284000000001 1.9166200411832386 0.2754605497977533 0.0
400 1.4301295882619205 10.287000000001001 1.9169603098240247 0.275429107021605 0.0
399 1.4271295882619204 10.290000000001001 1.9172986605481608 0.275397407093263 0.0
398 1.4241295882619205 10.293000000001001 1.9176350764429733 0.2753654478089775 0.0
397 1.4211295882619204 10.296000000001001 1.9179695404351635 0.27533322694450874 0.0
396 1.4181295882619205 10.299000000001 1.9183020352890452 0.275300742254904 0.0
395 1.4151295882619204 10.302000000001 1.918632543604779 0.27526799147427417 0.0
394 1.4121295882619205 10.305000000001 1.9189610478166264 0.2752349723155741 0.0
393 1.4091295882619204 10.308000000001 1.919287530191132 0.27520168247037247 0.0
392 1.4061295882619205 10.311000000001 1.9196119728253491 0.27516811960862875 0.0
391 1.4031295882619204 10.314000000001 1.91993435764493 0.27513428137845086 0.0
390 1.4001295882619205 10.316000000001 1.9200546836895551 0.27509817996738317 0.0
389 1.3971295882619204 10.319000000001001 1.9203727744090167 0.2750637634029742 0.0
388 1.3941295882619205 10.322000000001001 1.920688751587231 0.2750290642001392 0.0
387 1.3911295882619203 10.325000000001001 1.9210025964441084 0.27499407991685065 0.0
386 1.3881295882619205 10.328000000001001 1.9213142900186468 0.27495880808802864 0.0
385 1.3851295882619203 10.331000000001 1.9216238131669525 0.2749232462252903 0.0
384 1.3821295882619204 10.334000000001 1.9219311465602567 0.2748873918167002 0.0
383 1.3791295882619203 10.337000000001 1.9222362706828244 0.2748512423265057 0.0
382 1.3761295882619204 10.340000000001 1.9225391658299855 0.27481479519488994 0.0
381 1.3731295882619203 10.343000000001 1.9228398121059869 0.2747780478376996 0.0
380 1.3701295882619204 10.346000000001 1.923138189421887 0.2747409976461799 0.0
379 1.3671295882619203 10.349000000001 1.92343427749346 0.27470364198671027 0.0
378 1.3641295882619204 10.352000000001 1.923728055839005 0.2746659782005282 0.0
377 1.3611295882619203 10.355000000001 1.9240195037771397 0.2746280036034504 0.0
376 1.3581295882619204 10.358000000001 1.9243086004246477 0.2745897154856024 0.0
375 1.3551295882619203 10.362000000001 1.9247972093235783 0.2745534120126735 0.0
374 1.3521295882619204 10.365000000001 1.9250816704786486 0.27451451032607915 0.0
373 1.3491295882619203 10.368000000001 1.9253637169381403 0.27447528691875783 0.0
372 1.3461295882619204 10.371000000001 1.9256433269900362 0.27443573897558193 0.0
371 1.3431295882619203 10.374000000001 1.925920478708922 0.2743958636542764 0.0
370 1.3401295882619204 10.377000000001 1.9261951499535699 0.27435565808511364 0.0
369 1.3371295882619203 10.380000000001 1.9264673183645986 0.2743151193706205 0.0
368 1.3341295882619204 10.383000000001001 1.9267369613619154 0.2742742445852535 0.0
367 1.3311295882619203 10.386000000001001 1.9270040561423079 0.27423303077509736 0.0
366 1.3281295882619204 10.389000000001001 1.9272685796768863 0.2741914749575417 0.0
365 1.3251295882619203 10.392000000001001 1.9275305087085453 0.27414957412096147 0.0
364 1.3221295882619204 10.395000000001 1.927789819749399 0.2741073252243942 0.0
363 1.3191295882619203 10.398000000001 1.9280464890781173 0.2740647251972036 0.0
362 1.3161295882619204 10.402000000001001 1.928504093453424 0.2740243577223025 0.0
361 1.3131295882619205 10.405000000001001 1.928755544147367 0.2739810689651551 0.0
360 1.3101295882619204 10.408000000001 1.9290042810356065 0.2739374197762193 0.0
359 1.3071295882619205 10.411000000001 1.9292502794377564 0.273893406963232 0.0
358 1.3041295882619204 10.414000000001 1.9294935144263905 0.27384902730254673 0.0
357 1.3011295882619205 10.417000000001 1.9297339608242434 0.2738042775387816 0.0
356 1.2981295882619204 10.420000000001 1.929971593201349 0.2737591543844592 0.0
355 1.2951295882619205 10.424000000001 1.9304109365372177 0.2737164000970696 0.0
354 1.2921295882619204 10.427000000001 1.930643003978897 0.27367054368401117 0.0
353 1.2891295882619205 10.430000000001 1.9308721800719642 0.27362430391685916 0.0
352 1.2861295882619204 10.433000000001 1.9310984383475733 0.27357767737648586 0.0
351 1.2831295882619205 10.436000000001 1.931321752069272 0.2735306606097942 0.0
350 1.2801295882619204 10.440000000001 1.931747333283319 0.27348611102657755 0.0
349 1.2771295882619205 10.443000000001 1.931964819584047 0.27343832730304335 0.0
348 1.2741295882619204 10.446000000001 1.9321792799992106 0.27339014288354957 0.0
347 1.2711295882619205 10.449000000001 1.9323906866918172 0.27334155417561323 0.0
346 1.2681295882619203 10.452000000001 1.9325990115413707 0.27329255755078496 0.0
345 1.2651295882619205 10.456000000001 1.9330101665030817 0.2732461279621772 0.0
344 1.2621295882619203 10.459000000001 1.9332123877330232 0.2731963289543622 0.0
343 1.2591295882619205 10.462000000001 1.933411441545349 0.2731461110239734 0.0
342 1.2561295882619203 10.465000000001 1.9336072986531543 0.2730954703949152 0.0
341 1.2531295882619204 10.469000000001001 1.934006436558502 0.27304747716826466 0.0
340 1.2501295882619203 10.472000000001 1.9341959588741295 0.2729960045420309 0.0
339 1.2471295882619204 10.475000000001 1.9343821953340177 0.2729440977599742 0.0
338 1.2441295882619203 10.478000000001 1.9345651154288976 0.2728917528913405 0.0
337 1.2411295882619204 10.482000000001001 1.9349517706427912 0.2728421367774443 0.0
336 1.2381295882619203 10.485000000001001 1.9351281150261008 0.2727889290713035 0.0
335 1.2351295882619204 10.488000000001 1.9353010501438774 0.27273527134837505 0.0
334 1.2321295882619203 10.491000000001 1.9354705442054227 0.2726811595158468 0.0
333 1.2291295882619204 10.495000000001001 1.9358442311988693 0.2726298587775441 0.0
332 1.2261295882619203 10.498000000001001 1.9360068984092544 0.2725748519820247 0.0
331 1.2231295882619204 10.501000000001001 1.936166027731367 0.2725193786508644 0.0
330 1.2201295882619203 10.505000000001 1.9365296910241363 0.27246677802920644 0.0
329 1.2171295882619204 10.508000000001001 1.9366817984063733 0.27241038481269386 0.0
328 1.2141295882619203 10.511000000001001 1.9368302679949085 0.2723535122472887 0.0
327 1.2111295882619204 10.515000000001 1.937183614413225 0.27229957455901227 0.0
326 1.2081295882619203 10.518000000001 1.9373248607265028 0.2722417564019562 0.0
325 1.2051295882619204 10.521000000001 1.9374623661544186 0.2721834456814646 0.0
324 1.2021295882619203 10.525000000001 1.9378050930136383 0.27212813255723256 0.0
323 1.1991295882619204 10.528000000001 1.937935167353537 0.27206884972616174 0.0
322 1.1961295882619203 10.531000000001 1.9380613944125473 0.27200906070114544 0.0
321 1.1931295882619204 10.535000000001 1.9383931891631243 0.2719523325417578 0.0
320 1.1901295882619203 10.538000000001 1.9385117706034984 0.2718915440447045 0.0
319 1.1871295882619204 10.542000000001 1.938836145480544 0.27183385784248026 0.0
318 1.1841295882619205 10.545000000001 1.9389469347992712 0.2717720512226748 0.0
317 1.1811295882619204 10.548000000001 1.9390536920188266 0.2717097147627042 0.0
316 1.1781295882619205 10.552000000001 1.9393665915117542 0.2716505447783626 0.0
315 1.1751295882619204 10.555000000001 1.9394653303223268 0.2715871613610624 0.0
314 1.1721295882619205 10.559000000001001 1.9397704388032577 0.27152698645159556 0.0
313 1.1691295882619204 10.562000000001001 1.9398610046234868 0.2714625364155382 0.0
312 1.1661295882619205 10.565000000001 1.9399473434090626 0.27139753162174163 0.0
311 1.1631295882619204 10.569000000001001 1.9402404029998166 0.2713358004209073 0.0
310 1.1601295882619205 10.572000000001001 1.940318330003057 0.2712696986077962 0.0
309 1.1571295882619204 10.576000000001 1.9406032066652257 0.2712069130173205 0.0
308 1.1541295882619205 10.579000000001 1.9406725587094373 0.2711396934486462 0.0
307 1.1511295882619204 10.583000000001 1.9409490897957191 0.27107583296878657 0.0
306 1.1481295882619205 10.586000000001 1.9410097001137834 0.27100747445982 0.0
305 1.1451295882619204 10.590000000001 1.9412777193501953 0.2709425181410569 0.0
304 1.1421295882619205 10.593000000001 1.9413294174930795 0.2708729990472629 0.0
303 1.1391295882619203 10.597000000001 1.9415887548859103 0.27080692547885366 0.0
302 1.1361295882619205 10.600000000001 1.9416313666285663 0.2707362236842451 0.0
301 1.1331295882619203 10.604000000001001 1.9418818483685152 0.2706690109824319 0.0
300 1.1301295882619204 10.607000000001001 1.9419151956129188 0.2705971038875703 0.0
299 1.1271295882619203 10.611000000001 1.9421566439764957 0.27052872968345476 0.0
298 1.1241295882619204 10.614000000001 1.9421805446519445 0.27045559419311543 0.0
297 1.1211295882619203 10.618000000001 1.94241277789979 0.2703860356201535 0.0
296 1.1181295882619204 10.621000000001 1.9424270458601505 0.270311648130614 0.0
295 1.1151295882619203 10.625000000001 1.9426498781324542 0.27024088181175776 0.0
294 1.1121295882619204 10.628000000001 1.9426543230503452 0.2701652181977092 0.0
293 1.1091295882619203 10.632000000001 1.9428675642590667 0.27009322023215665 0.0
292 1.1061295882619204 10.635000000001 1.942861991516916 0.27001625583323113 0.0
291 1.1031295882619203 10.639000000001001 1.943065447234791 0.2699430017827824 0.0
290 1.1001295882619204 10.642000000001001 1.9430496578125898 0.2698647113896735 0.0
289 1.0971295882619203 10.646000000001 1.9432431291587051 0.26979017626466645 0.0
288 1.0941295882619204 10.650000000001 1.9434316117933625 0.26971500478082266 0.0
287 1.0911295882619203 10.653000000001 1.9434002030404067 0.26963469234967286 0.0
286 1.0881295882619204 10.657000000001 1.943578394980841 0.2695582013672914 0.0
285 1.0851295882619203 10.660000000001 1.943536252559404 0.26947649755084424 0.0
284 1.0821295882619204 10.664000000001 1.9437039432686727 0.2693986606384753 0.0
283 1.0791295882619203 10.668000000001001 1.9438663838968104 0.2693201547045943 0.0
282 1.0761295882619204 10.671000000001001 1.943807825876218 0.26923632831395844 0.0
281 1.0731295882619203 10.675000000001 1.9439594408844083 0.26915643579446547 0.0
280 1.0701295882619204 10.678000000001001 1.9438896020583891 0.26907114887639133 0.0
279 1.0671295882619203 10.682000000001 1.9440301684584915 0.26898984180047725 0.0
278 1.0641295882619204 10.686000000001 1.9441652078512786 0.26890783112476274 0.0
277 1.0611295882619205 10.689000000001 1.9440781104247815 0.2688203152901767 0.0
276 1.0581295882619204 10.693000000001 1.9442017575146235 0.26873684701882083 0.0
275 1.0551295882619205 10.697000000001001 1.9443197036553792 0.2686526534534232 0.0
274 1.0521295882619204 10.700000000001001 1.9442148184295327 0.26856284202750197 0.0
273 1.0491295882619205 10.704000000001 1.9443210163534685 0.2684771463199057 0.0
272 1.0461295882619204 10.707000000001 1.9442039072359452 0.2683857553507966 0.0
271 1.0431295882619205 10.711000000001 1.944298112220101 0.2682985268453224 0.0
270 1.0401295882619204 10.715000000001 1.9443863121662732 0.268210535125356 0.0
269 1.0371295882619205 10.718000000001 1.9442504906967921 0.26811673209955134 0.0
268 1.0341295882619204 10.722000000001 1.9443263202902972 0.2680271603829324 0.0
267 1.0311295882619205 10.726000000001001 1.9443959537027238 0.26793680164279515 0.0
266 1.0281295882619204 10.730000000001 1.9444593258984861 0.26784564780078424 0.0
265 1.0251295882619205 10.733000000001 1.9442977110829687 0.26774852586830566 0.0
264 1.0221295882619204 10.737000000001 1.944348188835779 0.26765572656757886 0.0
263 1.0191295882619205 10.741000000001 1.9443922048966589 0.26756210721019247 0.0
262 1.0161295882619203 10.744000000001 1.9442104904774167 0.2674623988103822 0.0
261 1.0131295882619205 10.748000000001001 1.9442412020090716 0.2673670827702098 0.0
260 1.0101295882619203 10.752000000001 1.944265244028084 0.26727092081658216 0.0
259 1.0071295882619204 10.756000000001 1.9442825457837527 0.26717390417102876 0.0
258 1.0041295882619203 10.759000000001 1.9440731115604457 0.2670706349686546 0.0
257 1.0011295882619204 10.763000000001 1.9440765389741312 0.2669718505503772 0.0
256 0.9981295882619204 10.767000000001001 1.944073008019858 0.2668721843216201 0.0
255 0.9951295882619204 10.770000000001 1.9438419669145268 0.26676613938469473 0.0
254 0.9921295882619204 10.774000000001001 1.9438241155351805 0.2666646497275907 0.0
253 0.9891295882619204 10.778000000001 1.943799079583256 0.26656225014745494 0.0
252 0.9861295882619204 10.782000000001 1.9437667820047109 0.2664589310941403 0.0
251 0.9831295882619204 10.785000000001 1.943505926637346 0.26634906268354 0.0
250 0.9801295882619204 10.789000000001 1.9434586884098142 0.2662438429113221 0.0
249 0.9771295882619204 10.793000000001001 1.9434039510021608 0.26613767416187245 0.0
248 0.9741295882619204 10.797000000001 1.9433416334674285 0.26603054640880314 0.0
247 0.9711295882619204 10.801000000001 1.9432716538498307 0.2659224495025278 0.0
246 0.9681295882619204 10.804000000001 1.9429717758016058 0.2658075847904572 0.0
245 0.9651295882619204 10.808000000001 1.942886036572811 0.26569748522212433 0.0
244 0.9621295882619204 10.812000000001001 1.9427923825794877 0.2655863851430414 0.0
243 0.9591295882619204 10.816000000001 1.94269072768337 0.2654742738922007 0.0
242 0.9561295882619204 10.819000000001001 1.9423580688817732 0.2653552143668156 0.0
241 0.9531295882619204 10.823000000001 1.9422399615256067 0.26524101424125823 0.0
240 0.9501295882619204 10.827000000001 1.942113587674352 0.26512577000479953 0.0
239 0.9471295882619204 10.831000000001 1.941978856757712 0.26500947045469125 0.0
238 0.9441295882619204 10.835000000001001 1.9418356770559855 0.2648921042479345 0.0
237 0.9411295882619204 10.838000000001001 1.941460077718543 0.26476755855514444 0.0
236 0.9381295882619204 10.842000000001 1.9412995297309612 0.2646479896397768 0.0
235 0.9351295882619204 10.846000000001 1.9411302501334764 0.26452731901912163 0.0
234 0.9321295882619204 10.850000000001 1.9409521424378982 0.2644055347675843 0.0
233 0.9291295882619204 10.854000000001001 1.940765108918749 0.2642826248086632 0.0
232 0.9261295882619204 10.857000000001001 1.9403441957877272 0.2641522966087628 0.0
231 0.9231295882619204 10.861000000001 1.9401388186006225 0.2640270628024264 0.0
230 0.9201295882619204 10.865000000001 1.9399242142183706 0.2639006659707796 0.0
229 0.9171295882619204 10.869000000001 1.9397002797807863 0.26377309341027044 0.0
228 0.9141295882619204 10.873000000001001 1.9394669110946816 0.26364433225483686 0.0
227 0.9111295882619204 10.877000000001 1.9392240026137288 0.26351436947346923 0.0
226 0.9081295882619204 10.880000000001 1.9387454047805428 0.26337669220754206 0.0
225 0.9051295882619204 10.884000000001 1.9384828973283474 0.263244249849291 0.0
224 0.9021295882619204 10.888000000001 1.9382105245512171 0.2631105655934153 0.0
223 0.8991295882619204 10.892000000001001 1.9379281752849402 0.26297562572323274 0.0
222 0.8961295882619204 10.896000000001 1.9376357369059578 0.2628394163442434 0.0
221 0.8931295882619203 10.900000000001 1.9373330953090204 0.26270192338142595 0.0
220 0.8901295882619203 10.903000000001 1.9367928844096345 0.2625564076759004 0.0
219 0.8871295882619203 10.907000000001 1.9364692875007354 0.26241626703255755 0.0
218 0.8841295882619203 10.911000000001 1.9361351353975784 0.26227479930207453 0.0
217 0.8811295882619203 10.915000000001001 1.935790307840602 0.2621319896586982 0.0
216 0.8781295882619203 10.919000000001 1.9354346829706093 0.2619878230818673 0.0
215 0.8751295882619204 10.923000000001 1.9350681373038419 0.2618422843531964 0.0
214 0.8721295882619204 10.926000000001 1.9344620682777283 0.26168840190753984 0.0
213 0.8691295882619204 10.930000000001 1.9340731002948532 0.26154003384966074 0.0
212 0.8661295882619204 10.934000000001001 1.9336728305511335 0.2613902465964385 0.0
211 0.8631295882619204 10.938000000001 1.93326112881209 0.26123902410644884 0.0
210 0.8601295882619204 10.942000000001 1.932837863087438 0.26108635012455106 0.0
209 0.8571295882619204 10.945000000001 1.9321733832953738 0.26092505408973726 0.0
208 0.8541295882619204 10.949000000001 1.9317263803760336 0.26076938806601335 0.0
207 0.8511295882619204 10.953000000001001 1.9312674062067796 0.260612220295909 0.0
206 0.8481295882619204 10.957000000001 1.9307963214983457 0.26045353363478596 0.0
205 0.8451295882619204 10.961000000001 1.9303129850620118 0.2602933107069001 0.0
204 0.8421295882619204 10.965000000001 1.9298172537792313 0.2601315339017291 0.0
203 0.8391295882619204 10.968000000001 1.9290782073431836 0.2599607887386707 0.0
202 0.8361295882619204 10.972000000001 1.928557040327153 0.2597958099245611 0.0
201 0.8331295882619204 10.976000000001001 1.9280230367831206 0.25962922277961653 0.0
200 0.8301295882619204 10.980000000001 1.9274760455661346 0.2594610087156827 0.0
199 0.8271295882619204 10.983000000001 1.926684285260382 0.25928358593055467 0.0
198 0.8241295882619204 10.987000000001 1.9261106464185422 0.25911202007423195 0.0
197 0.8211295882619204 10.991000000001 1.9255235533913055 0.2589387698157895 0.0
196 0.8181295882619204 10.995000000001001 1.9249228464760486 0.25876381552506444 0.0
195 0.8151295882619204 10.999000000001 1.9243083637406782 0.2585871373008549 0.0
194 0.8121295882619204 11.002000000001 1.9234472417697719 0.25840094097500726 0.0
193 0.8091295882619204 11.006000000001 1.9228045001921903 0.2582207120164052 0.0
192 0.8061295882619204 11.010000000001 1.9221474829007041 0.25803869757108 0.0
191 0.8031295882619204 11.014000000001001 1.9214760186830082 0.2578548766083102 0.0
190 0.8001295882619204 11.017000000001001 1.9205563687484735 0.25766128109955644 0.0
189 0.7971295882619204 11.021000000001 1.9198552737357255 0.25747374005570356 0.0
188 0.7941295882619204 11.025000000001 1.9191392031769876 0.25728432743904295 0.0
187 0.7911295882619204 11.028000000001 1.918173754627041 0.25708494204337207 0.0
186 0.7881295882619204 11.032000000001 1.9174269726130069 0.25689167594572515 0.0
185 0.7851295882619204 11.036000000001 1.9166646636234095 0.2566964704385672 0.0
184 0.7821295882619204 11.040000000001001 1.915886638665772 0.2564993023276 0.0
183 0.7791295882619204 11.043000000001001 1.9148576112299154 0.2562918913844045 0.0
182 0.7761295882619204 11.047000000001 1.914047361093647 0.2560906831241237 0.0
181 0.7731295882619204 11.050000000001 1.9129852714602804 0.2558790921416939 0.0
180 0.7701295882619204 11.054000000001 1.9121420062041077 0.2556737461999862 0.0
179 0.7671295882619203 11.058000000001 1.911282037963659 0.2554663162584966 0.0
178 0.7641295882619203 11.061000000001 1.9101689593193145 0.2552482915839133 0.0
177 0.7611295882619203 11.065000000001 1.9092747480447008 0.2550365725632954 0.0
176 0.7581295882619203 11.068000000001 1.9081265589722263 0.2548141135622205 0.0
175 0.7551295882619203 11.072000000001001 1.9071972560279804 0.2545980007501988 0.0
174 0.7521295882619203 11.076000000001 1.9062501894619697 0.2543796735650633 0.0
173 0.7491295882619204 11.079000000001 1.9050478271631375 0.2541503861215255 0.0
172 0.7461295882619204 11.083000000001 1.904064349078428 0.2539275025129254 0.0
171 0.7431295882619204 11.086000000001 1.9028246757751557 0.25369350773234417 0.0
170 0.7401295882619204 11.090000000001 1.9018038736436103 0.2534659551749561 0.0
169 0.7371295882619204 11.093000000001 1.9005259634939522 0.25322713817429354 0.0
168 0.7341295882619204 11.097000000001 1.8994668976717384 0.2529948008261006 0.0
167 0.7311295882619204 11.100000000001 1.898149797412164 0.2527510433506602 0.0
166 0.7281295882619204 11.103000000001 1.896812621093215 0.25250474506428977 0.0
165 0.7251295882619204 11.107000000001001 1.8956942281674483 0.2522649822422609 0.0
164 0.7221295882619204 11.110000000001001 1.8943163785081139 0.2520135593428383 0.0
163 0.7191295882619204 11.113000000001 1.8929176949501925 0.2517595012642574 0.0
162 0.7161295882619204 11.117000000001001 1.8917376988734882 0.25151203194193317 0.0
161 0.7131295882619204 11.120000000001001 1.8902967915953401 0.25125265684418574 0.0
160 0.7101295882619204 11.123000000001001 1.8888342582287903 0.25099054795887654 0.0
159 0.7071295882619204 11.127000000001 1.8875902789871124 0.2507350783659713 0.0
158 0.7041295882619204 11.130000000001 1.8860839007511017 0.2504674513437696 0.0
157 0.7011295882619204 11.133000000001001 1.8845550680291365 0.2501969874572769 0.0
156 0.6981295882619204 11.136000000001001 1.883003496461761 0.2499236512573051 0.0
155 0.6951295882619204 11.139000000001001 1.8814288973925033 0.24964740676268263 0.0
154 0.6921295882619204 11.142000000001001 1.8798309777908375 0.24936821745075166 0.0
153 0.6891295882619204 11.145000000001 1.8782094401736207 0.24908604624767772 0.0
152 0.6861295882619204 11.148000000001 1.8765639825246871 0.24880085551853093 0.0
151 0.6831295882619204 11.151000000001 1.8748942982130363 0.2485126070571968 0.0
150 0.6801295882619204 11.154000000001 1.873200075908973 0.24822126207603193 0.0
149 0.6771295882619204 11.157000000001 1.8714809994987607 0.24792678119533934 0.0
148 0.6741295882619204 11.160000000001 1.8697367479972218 0.2476291244325892 0.0
147 0.6711295882619204 11.163000000001 1.8679669954586335 0.24732825119143081 0.0
146 0.6681295882619204 11.166000000001 1.8661714108856504 0.24702412025046136 0.0
145 0.6651295882619204 11.169000000001 1.8643496581363097 0.2467166897517592 0.0
144 0.6621295882619204 11.171000000001001 1.8622575993867523 0.24639571806940738 0.0
143 0.6591295882619204 11.174000000001 1.8603822639525827 0.24608150621590913 0.0
142 0.6561295882619204 11.177000000001 1.8584797210755137 0.24576386514618442 0.0
141 0.6531295882619204 11.179000000001 1.856305158152584 0.24543238529320188 0.0
140 0.6501295882619204 11.182000000001 1.8543469081541974 0.2451076970363722 0.0
139 0.6471295882619204 11.184000000001001 1.8521154699653521 0.24476896628564634 0.0
138 0.6441295882619203 11.187000000001001 1.8501000413041 0.24443704655392542 0.0
137 0.6411295882619203 11.189000000001 1.8478102381883974 0.24409087719422098 0.0
136 0.6381295882619203 11.192000000001 1.8457361126403895 0.24375153588156498 0.0
135 0.6351295882619203 11.194000000001001 1.8433864077852289 0.24339773429485584 0.0
134 0.6321295882619203 11.196000000001 1.8410060525056675 0.24304001280190263 0.0
133 0.6291295882619203 11.198000000001 1.8385946457268791 0.24267832056468108 0.0
132 0.6261295882619204 11.200000000001001 1.8361517800523206 0.24231260594721776 0.0
131 0.6231295882619204 11.203000000001001 1.8339236459282728 0.24195375531718885 0.0
130 0.6201295882619204 11.205000000001 1.8314168235101689 0.24157989676739572 0.0
129 0.6171295882619204 11.206000000001 1.8286302583479723 0.24119079916765565 0.0
128 0.6141295882619204 11.208000000001 1.826057352474069 0.24080846217943883 0.0
127 0.6111295882619204 11.210000000001001 1.823450851641542 0.24042183212603874 0.0
126 0.6081295882619204 11.212000000001 1.8208103079324884 0.24003085225744958 0.0
125 0.6051295882619204 11.213000000001001 1.8178874277698447 0.23962416739696168 0.0
124 0.6021295882619204 11.215000000001 1.8151772289512806 0.23922425443921877 0.0
123 0.5991295882619204 11.216000000001001 1.8121833636693172 0.2388083958968571 0.0
122 0.5961295882619204 11.218000000001 1.8094016392302592 0.23839931140520193 0.0
121 0.5931295882619204 11.219000000001001 1.806334898125955 0.23797403663326525 0.0
120 0.5901295882619204 11.220000000001 1.8032308934392438 0.23754392884683317 0.0
119 0.5871295882619204 11.221000000001 1.8000891321765484 0.23710892440060222 0.0
118 0.5841295882619204 11.222000000001 1.796909113436658 0.23666895863044884 0.0
117 0.5811295882619204 11.223000000001 1.7936903282588477 0.23622396583388128 0.0
116 0.5781295882619204 11.224000000001 1.7904322594672049 0.23577387925000198 0.0
115 0.5751295882619204 11.225000000001 1.7871343815117884 0.23531863103906403 0.0
114 0.5721295882619204 11.226000000001001 1.7837961603059176 0.23485815226152879 0.0
113 0.5691295882619204 11.226000000001001 1.7801669414842012 0.23438032208923215 0.0
112 0.5661295882619204 11.226000000001001 1.7764959386910326 0.23389699055610302 0.0
111 0.5631295882619204 11.227000000001 1.7730330639502165 0.23342026875016336 0.0
110 0.5601295882619204 11.227000000001 1.7692770053024125 0.23292578264224023 0.0
109 0.5571295882619204 11.227000000001 1.765477483983556 0.2324255746622528 0.0
108 0.5541295882619204 11.227000000001 1.7616339236559169 0.23191956893518745 0.0
107 0.5511295882619204 11.227000000001 1.7577457386650126 0.23140768835947773 0.0
106 0.5481295882619204 11.226000000001001 1.7535610709889786 0.23087734023353296 0.0
105 0.5451295882619204 11.226000000001001 1.7495816946686589 0.23035340762814865 0.0
104 0.5421295882619204 11.225000000001 1.7453043257206369 0.22981071201132164 0.0
103 0.5391295882619204 11.224000000001 1.740979617424708 0.2292616857884125 0.0
102 0.5361295882619204 11.223000000001 1.736606950467078 0.2287062457053154 0.0
101 0.5331295882619204 11.222000000001 1.732185695622695 0.228144307172848 0.0
100 0.5301295882619204 11.221000000001 1.7277152135638862 0.22757578424095037 0.0
99 0.5271295882619204 11.219000000001001 1.7229426309401206 0.22698759415972286 0.0
98 0.5241295882619204 11.218000000001 1.7183716204353687 0.22640557086281102 0.0
97 0.5211295882619204 11.216000000001001 1.713496956336286 0.2258035625535545 0.0
96 0.5181295882619203 11.214000000001 1.7085701999536114 0.2251944735967282 0.0
95 0.5151295882619203 11.211000000001 1.703338014819924 0.22456493275168835 0.0
94 0.5121295882619203 11.209000000001 1.698304951576183 0.2239413332915566 0.0
93 0.5091295882619203 11.206000000001 1.6929649056695282 0.22329694955945933 0.0
92 0.5061295882619203 11.204000000001 1.6878227867614002 0.22265845878147356 0.0
91 0.5031295882619203 11.200000000001001 1.6821191141537157 0.22198527948087055 0.0
90 0.5001295882619204 11.197000000001001 1.676611970729633 0.2213177963460818 0.0
89 0.4971295882619204 11.193000000001 1.6707945806153623 0.22062870052229583 0.0
88 0.4941295882619204 11.190000000001 1.6651724311271046 0.21994524550239564 0.0
87 0.4911295882619204 11.186000000001 1.6592384862071903 0.2192398269316324 0.0
86 0.4881295882619204 11.181000000001001 1.6529918932192071 0.2185121192535341 0.0
85 0.4851295882619204 11.177000000001 1.646938418844305 0.2177898132989506 0.0
84 0.48212958826192037 11.172000000001 1.640570786978419 0.21704485719283897 0.0
83 0.47912958826192037 11.166000000001 1.6338882215565886 0.21627691763108806 0.0
82 0.47612958826192037 11.161000000001 1.6273966180943171 0.21551413214912313 0.0
81 0.47312958826192036 11.155000000001001 1.6205886275464212 0.2147279931498815 0.0
80 0.4701295882619204 11.149000000001001 1.6137168404752036 0.21393255041740553 0.0
79 0.4671295882619204 11.142000000001001 1.60652728762994 0.2131132270588874 0.0
78 0.4641295882619204 11.135000000001 1.5992725590152606 0.21228422226720298 0.0
77 0.4611295882619204 11.128000000001 1.5919519388720575 0.21144542270402558 0.0
76 0.4581295882619204 11.120000000001001 1.5843116483951363 0.2105820169077891 0.0
75 0.4551295882619204 11.112000000001 1.576604181748629 0.20970843262068745 0.0
74 0.4521295882619204 11.104000000001001 1.5688288363038176 0.2088245543172005 0.0
73 0.4491295882619204 11.095000000001 1.5607321535604164 0.20791533577447907 0.0
72 0.4461295882619204 11.085000000001001 1.5523138099785965 0.20698042606369257 0.0
71 0.4431295882619204 11.075000000001001 1.5438260344816817 0.20603456184559926 0.0
70 0.4401295882619204 11.065000000001 1.5352681855846433 0.2050776277316635 0.0
69 0.4371295882619204 11.054000000001 1.526387499585907 0.20409426125556365 0.0
68 0.4341295882619204 11.043000000001001 1.517435839597173 0.2030994362735129 0.0
67 0.4311295882619204 11.031000000001 1.5081609063770716 0.2020776335471941 0.0
66 0.4281295882619204 11.018000000001 1.498562810728285 0.2010285015757493 0.0
65 0.4251295882619204 11.005000000001 1.4888929652903187 0.19996725453749103 0.0
64 0.4221295882619204 10.992000000001001 1.4791508666162962 0.1988937817518363 0.0
63 0.41912958826192037 10.977000000001 1.4688348267143068 0.19777652866808315 0.0
62 0.41612958826192037 10.962000000001 1.45844684060798 0.19664651725733626 0.0
61 0.41312958826192037 10.946000000001 1.4477366367854405 0.19548776167481863 0.0
60 0.41012958826192036 10.930000000001 1.436954500683713 0.19431588634987268 0.0
59 0.4071295882619204 10.913000000001 1.4258510333285712 0.19311475274197604 0.0
58 0.4041295882619204 10.895000000001 1.414427253031781 0.191884031299015 0.0
57 0.4011295882619204 10.876000000001001 1.402684352338759 0.1906233977031728 0.0
56 0.3981295882619204 10.856000000001 1.3906237076784196 0.1893325339293987 0.0
55 0.3951295882619204 10.835000000001001 1.3782468892112658 0.188011129350476 0.0
54 0.3921295882619204 10.814000000001 1.3658022198829118 0.1866753188986501 0.0
53 0.3891295882619204 10.791000000001 1.3527979728496622 0.1852920149935684 0.0
52 0.3861295882619204 10.768000000001 1.3397287699399278 0.18389388575407706 0.0
51 0.3831295882619204 10.743000000001 1.3261057939540162 0.18244755584391012 0.0
50 0.3801295882619204 10.717000000001 1.312177672877706 0.18096928311801816 0.0
49 0.3771295882619204 10.690000000001 1.2979473520924747 0.17945882688664183 0.0
48 0.3741295882619204 10.661000000001 1.2831758073051032 0.17789906784443654 0.0
47 0.3711295882619204 10.632000000001 1.2683518773947593 0.1763235174929157 0.0
46 0.3681295882619204 10.601000000001001 1.2529958504903762 0.17469812794726858 0.0
45 0.3651295882619204 10.568000000001 1.237114761691529 0.173022521724401 0.0
44 0.3621295882619204 10.534000000001 1.2209546779833023 0.17131353710457314 0.0
43 0.3591295882619204 10.498000000001001 1.2042833703236255 0.1695538180572048 0.0
42 0.35612958826192037 10.461000000001 1.1873458268659742 0.16776041081887477 0.0
41 0.35312958826192037 10.422000000001 1.1699131112712382 0.165915894281366 0.0
40 0.35012958826192037 10.381000000001 1.1519954283692027 0.1640200792754148 0.0
39 0.34712958826192036 10.338000000001001 1.1336037825481096 0.1620728284724114 0.0
38 0.3441295882619204 10.292000000001 1.114519352725674 0.16005649026468258 0.0
37 0.3411295882619204 10.245000000001001 1.0952177053714938 0.15800613364596006 0.0
36 0.3381295882619204 10.195000000001 1.075252856012823 0.15588661531818504 0.0
35 0.3351295882619204 10.143000000001 1.0548702335664997 0.15371564259537526 0.0
34 0.3321295882619204 10.088000000001001 1.0338617166702968 0.15147565295925078 0.0
33 0.3291295882619204 10.030000000001001 1.0122498512319729 0.14916682347857702 0.0
32 0.3261295882619204 9.969000000001001 0.9900588175977 0.14678945326661785 0.0
31 0.3231295882619204 9.905000000001001 0.9673144801803789 0.14434397536592247 0.0
30 0.3201295882619204 9.837000000001 0.9438291451165792 0.14181303955221142 0.0
29 0.3171295882619204 9.766000000001 0.9198523584064513 0.13921526522507022 0.0
28 0.3141295882619204 9.691000000001 0.895205441880352 0.13653360987546115 0.0
27 0.3111295882619204 9.611000000001 0.8697225444019895 0.13375117419846233 0.0
26 0.3081295882619204 9.527000000001001 0.8436612711208035 0.13088726734691752 0.0
25 0.3051295882619204 9.439000000001 0.8170691640614809 0.1279435178065889 0.0
24 0.3021295882619204 9.345000000001 0.7896002788976944 0.12488590927994925 0.0
23 0.2991295882619204 9.245000000001001 0.7613284960023419 0.12171682714006915 0.0
22 0.2961295882619204 9.140000000001 0.7325236228877122 0.11845704423017267 0.0
21 0.29312958826192037 9.027000000001001 0.7026969225835583 0.11505620945086749 0.0
20 0.29012958826192037 8.908000000001 0.6723272237016745 0.11155420396293803 0.0
19 0.28712958826192037 8.781000000001 0.6411523072720738 0.10792018601065251 0.0
18 0.28412958826192036 8.645000000001 0.6091257830610083 0.1041423654807323 0.0
17 0.2811295882619204 8.500000000001 0.5763972838090163 0.1002278588667963 0.0
16 0.2781295882619204 8.344000000001001 0.5427988423160788 0.09615017304645912 0.0
15 0.2751295882619204 8.177000000001 0.5085310568067828 0.0919197715390685 0.0
14 0.2721295882619204 7.997000000001001 0.47350307763031946 0.08751473116205272 0.0
13 0.2691295882619204 7.803000000001 0.437830625409434 0.08293349775772307 0.0
12 0.2661295882619204 7.593000000001 0.40153190259445715 0.0781613603952162 0.0
11 0.2631295882619204 7.364000000001001 0.3645663805421613 0.07317256676813028 0.0
10 0.2601295882619204 7.115000000001 0.32724712888532126 0.06798081915105691 0.0
9 0.2571295882619204 6.841000000001 0.28948257434366964 0.0625443795463264 0.0
8 0.2541295882619204 6.539000000001001 0.25158341902477 0.0568664517046592 0.0
7 0.2511295882619204 6.203000000001 0.21370761371902966 0.050921790603287005 0.0
6 0.2481295882619204 5.825000000001 0.1761005473631885 0.044683813351635016 0.0
5 0.24512958826192038 5.396000000001001 0.1392878904989655 0.038152840150727674 0.0
4 0.24212958826192038 4.899000000001 0.10371232855846481 0.0312902042910187 0.0
3 0.23912958826192038 4.308000000001001 0.07016632027133651 0.024073456963329024 0.0
2 0.23612958826192038 3.572000000001 0.03979443487626148 0.016466312160807905 0.0
1 0.2331295882619204 2.567000000001 0.014693355494759835 0.008460198839921163 0.0
