600 2.0301295882619206 10.787000000001001 2.1909033195126004 0.3001981334118665 0.8432562294477739
599 2.0271295882619205 10.789000000001 2.1911708280000832 0.3001791317721635 0.8428755071123297
598 2.0241295882619204 10.791000000001 2.1914567882566627 0.30016266450492135 0.8425522033863203
597 2.0211295882619202 10.794000000001 2.191918154472108 0.300142415160299 0.8421719525198126
596 2.0181295882619206 10.796000000001001 2.1921831292927076 0.30012308928878006 0.8417890354578741
595 2.0151295882619205 10.799000000001 2.1926616590437185 0.3001052094525909 0.8414635601910614
594 2.0121295882619203 10.801000000001 2.1929249586135438 0.3000856701709531 0.8410792017694407
593 2.0091295882619202 10.803000000001001 2.19320664586038 0.3000686538767528 0.8407523185858478
592 2.0061295882619206 10.806000000001001 2.1936642317915425 0.30004793605370084 0.8403685006720939
591 2.0031295882619204 10.808000000001 2.1939249415576167 0.3000280658592862 0.8399819762794625
590 2.0001295882619203 10.810000000001 2.194203957146214 0.30001070594913937 0.8396528372618934
589 1.9971295882619204 10.813000000001 2.194658542108089 0.2999896074105968 0.8392648535590881
588 1.9941295882619203 10.815000000001 2.194935790735685 0.29997202115572763 0.8389342307191502
587 1.9911295882619204 10.818000000001 2.1953888290373853 0.2999507317801852 0.8385448406088188
586 1.9881295882619203 10.820000000001 2.1956458131617143 0.29993039265903015 0.8381566841059914
585 1.9851295882619204 10.822000000001001 2.1959203306176165 0.2999124557073493 0.8378238356887352
584 1.9821295882619203 10.825000000001001 2.1963709321697817 0.29989086389437347 0.8374321813506344
583 1.9791295882619204 10.827000000001 2.1966436296858878 0.29987269408068296 0.8370978305774864
582 1.9761295882619203 10.830000000001 2.1970926350979747 0.2998509054153576 0.8367047535340199
581 1.9731295882619204 10.832000000001 2.197345103900604 0.29982999113794206 0.8363129306114577
580 1.9701295882619203 10.834000000001 2.197614311330812 0.29981136816349585 0.8359742618638044
579 1.9671295882619204 10.837000000001 2.198061480260833 0.2997893600748104 0.8355809551010979
578 1.9641295882619203 10.839000000001 2.1983288308784723 0.2997704999879361 0.8352408167077231
577 1.9611295882619204 10.842000000001 2.1987743346743724 0.2997482863573116 0.834846019050563
576 1.9581295882619203 10.844000000001001 2.1990397643180066 0.29972918071310173 0.8345042756788166
575 1.9551295882619204 10.847000000001 2.1994835816796754 0.29970675895238985 0.8341079790548488
574 1.9521295882619203 10.849000000001 2.1997471101310806 0.29968741075583616 0.8337647523130746
573 1.9491295882619204 10.852000000001 2.2001892197680264 0.2996647782816609 0.8333669495624866
572 1.9461295882619203 10.854000000001001 2.2004507812702117 0.2996451788853298 0.8330221005582338
571 1.9431295882619204 10.856000000001 2.2006937861401177 0.29962306023689883 0.8326227834842667
570 1.9401295882619203 10.859000000001 2.2011325900522514 0.29960001018225013 0.8322206554858251
569 1.9371295882619204 10.861000000001 2.2013918406935957 0.29958012086721847 0.8318755985161037
568 1.9341295882619205 10.864000000001 2.201828856720546 0.29955685003818056 0.8314718649320265
567 1.9311295882619204 10.866000000001 2.2020861061705217 0.2995367056091213 0.8311252438128583
566 1.9281295882619205 10.869000000001 2.2025213562861827 0.29951321732832265 0.830720033208283
565 1.9251295882619204 10.871000000001 2.202776580701716 0.29949281486511015 0.8303718403808872
564 1.9221295882619205 10.874000000001 2.2032099971964865 0.2994691002603459 0.8299650065885196
563 1.9191295882619204 10.876000000001001 2.2034631950998493 0.29944843988847863 0.8296153042515385
562 1.9161295882619205 10.879000000001 2.203894777444817 0.2994244992294598 0.8292069086229399
561 1.9131295882619204 10.881000000001 2.204145878498804 0.29940357172055654 0.8288555476906153
560 1.9101295882619205 10.884000000001 2.204575603170326 0.29937940215642783 0.8284455817018895
559 1.9071295882619204 10.886000000001001 2.204824628707261 0.2993582107433959 0.8280926967952292
558 1.9041295882619205 10.889000000001001 2.205252472137201 0.29933380942108445 0.8276811527981287
557 1.9011295882619204 10.891000000001 2.205499350106417 0.2993123446591326 0.8273265910060061
556 1.8981295882619205 10.894000000001 2.2059253119903355 0.29928771188916975 0.8269135343241437
555 1.8951295882619204 10.896000000001 2.206169323888612 0.2992658766571874 0.8265551371469215
554 1.8921295882619205 10.899000000001001 2.206594048639818 0.29924110020792505 0.8261426348010451
553 1.8891295882619203 10.901000000001 2.206835906072958 0.2992189914248243 0.8257826787769893
552 1.8861295882619205 10.904000000001 2.20725867945355 0.2991939747278546 0.8253685864622979
551 1.8831295882619203 10.906000000001 2.2074983077749244 0.2991715826221878 0.825006912830198
550 1.8801295882619204 10.909000000001 2.207919129247609 0.29914632596892593 0.8245912985259528
549 1.8771295882619203 10.911000000001 2.2081565260883758 0.29912365057538703 0.8242279741052267
548 1.8741295882619204 10.914000000001 2.208575321054528 0.2990981442269408 0.8238106762094002
547 1.8711295882619203 10.916000000001 2.2088104843928047 0.2990751856289328 0.8234457702474762
546 1.8681295882619204 10.919000000001 2.209244236330333 0.2990517289087641 0.8230799399682028
545 1.8651295882619203 10.921000000001001 2.209460129599782 0.2990261813298267 0.8226602841232048
544 1.8621295882619204 10.924000000001 2.209891783349023 0.2990024649149974 0.8222927813854375
543 1.8591295882619203 10.926000000001 2.210105382277838 0.29897662767327293 0.8218714181844627
542 1.8561295882619204 10.929000000001 2.2105349366382363 0.2989526517898378 0.8215023144950794
541 1.8531295882619203 10.931000000001001 2.2107455021647384 0.29892642531840774 0.821077001939573
540 1.8501295882619204 10.934000000001001 2.2111736412737057 0.29890228286206194 0.8207085218238225
539 1.8471295882619203 10.937000000001001 2.2115823981501563 0.29887553431522007 0.8202815509317918
538 1.8441295882619204 10.939000000001 2.211807815277472 0.2988513478172481 0.8199113029949853
537 1.8411295882619203 10.942000000001 2.2122319738045686 0.29882670590219984 0.8195379461726227
536 1.8381295882619204 10.944000000001001 2.212436711054892 0.29879974646523166 0.8191084607186131
535 1.8351295882619203 10.947000000001001 2.2128593916816985 0.29877493040398634 0.8187357364381201
534 1.8321295882619204 10.949000000001 2.2130617295374173 0.2987476688346754 0.8183045704778832
533 1.8291295882619203 10.952000000001 2.2134813886225895 0.2987224705931301 0.8179276906975085
532 1.8261295882619204 10.955000000001 2.2138833050840203 0.298694892335721 0.817497283144695
531 1.8231295882619203 10.957000000001 2.214099451991288 0.2986695280434675 0.8171186725643905
530 1.8201295882619204 10.960000000001001 2.214515745268795 0.29864391567950976 0.8167392660592834
529 1.8171295882619203 10.962000000001 2.214712751187015 0.29861599142330575 0.8163062299263155
528 1.8141295882619204 10.965000000001 2.2151267216638244 0.29859009228188743 0.8159250797662551
527 1.8111295882619205 10.968000000001 2.215539528596246 0.29856405051032775 0.8155429524575939
526 1.8081295882619204 10.970000000001 2.215732815913354 0.29853566015498945 0.8151073523024657
525 1.8051295882619205 10.973000000001 2.2161432828012138 0.2985093299328351 0.8147235551075542
524 1.8021295882619204 10.975000000001 2.2163332630220696 0.29848051710648593 0.8142838213722381
523 1.7991295882619205 10.978000000001 2.2167420908934417 0.2984539932746052 0.8139006774397737
522 1.7961295882619204 10.981000000001 2.217148957559613 0.29842721995799265 0.81351412130388
521 1.7931295882619205 10.983000000001 2.2173351272369812 0.29839793026707 0.8130718614009288
520 1.7901295882619204 10.986000000001 2.21774031180889 0.29837095813898895 0.8126859618129646
519 1.7871295882619205 10.989000000001 2.2181435653897053 0.29834374101641525 0.8122968065784546
518 1.7841295882619204 10.991000000001 2.2183257954663524 0.2983139580489764 0.8118518165592855
517 1.7811295882619205 10.994000000001 2.2187273233784515 0.2982865368589848 0.8114633231788376
516 1.7781295882619204 10.997000000001 2.2191268349391926 0.29825885962500115 0.8110713622044219
515 1.7751295882619205 10.999000000001 2.2193051099520154 0.29822858227569804 0.810623806193412
514 1.7721295882619204 11.002000000001 2.2197028506204584 0.29820069551660033 0.810232510051981
513 1.7691295882619205 11.005000000001 2.2200986059361556 0.2981725573167707 0.8098379090804295
512 1.7661295882619203 11.007000000001 2.220272792066689 0.29814176859307445 0.8093875761461599
511 1.7631295882619205 11.010000000001 2.2206659558304653 0.29811331132520186 0.8089911437043933
510 1.7601295882619203 11.013000000001 2.221058596052945 0.2980847992974944 0.8085961903796642
509 1.7571295882619204 11.015000000001 2.2212286763694804 0.29805349793455804 0.8081432506655838
508 1.7541295882619203 11.018000000001 2.2216179296933305 0.2980245607876935 0.8077440469505212
507 1.7511295882619204 11.021000000001 2.222005857806532 0.2979954616693061 0.8073438059699904
506 1.7481295882619203 11.023000000001 2.2221725036916085 0.2979637387212906 0.8068906671601578
505 1.7451295882619204 11.026000000001 2.222557738620356 0.29793430832539325 0.8064885689095961
504 1.7421295882619203 11.029000000001 2.222941683832934 0.29790472110054594 0.8060856246080393
503 1.7391295882619204 11.031000000001 2.2231032240989053 0.29787235351181096 0.8056271029281822
502 1.7361295882619203 11.034000000001 2.2234852076009917 0.29784253376194053 0.8052248396082362
501 1.7331295882619204 11.037000000001001 2.2238650286768795 0.29781244063809953 0.8048189674528483
500 1.7301295882619203 11.039000000001 2.224038900345537 0.29778176430556824 0.8044122409889866
499 1.7271295882619204 11.042000000001 2.224399276331602 0.2977490984776917 0.8039501133112162
498 1.7241295882619203 11.045000000001 2.2247757115474927 0.29771859943468343 0.8035439678595159
497 1.7211295882619204 11.048000000001 2.2251500072064885 0.2976878307183347 0.8031343845428592
496 1.7181295882619203 11.050000000001 2.2253012393317606 0.2976541792333501 0.8026693494811652
495 1.7151295882619204 11.053000000001001 2.2256726604025614 0.29762305752279494 0.8022578519304167
494 1.7121295882619203 11.056000000001001 2.2260426706841066 0.2975917640983142 0.8018453819561274
493 1.7091295882619204 11.059000000001001 2.2264120225714614 0.29756039965739833 0.8014344433263489
492 1.7061295882619203 11.061000000001 2.226557202967644 0.29752599601130014 0.8009657329545233
491 1.7031295882619204 11.064000000001 2.226922810668644 0.2974941633923859 0.8005502494258653
490 1.7001295882619203 11.067000000001 2.227287002319775 0.2974621589130673 0.8001338903586931
489 1.6971295882619204 11.070000000001 2.2276497355742872 0.29742997705904084 0.7997165451398657
488 1.6941295882619203 11.072000000001001 2.227789440610648 0.2973949002281668 0.7992465400246095
487 1.6911295882619204 11.075000000001001 2.2281491460355642 0.2973623470368616 0.7988272428617181
486 1.6881295882619205 11.078000000001001 2.2285073635542125 0.2973296129589241 0.7984069511899194
485 1.6851295882619204 11.081000000001 2.228864049556602 0.2972966923243586 0.7979855502675136
484 1.6821295882619205 11.083000000001 2.229012858628669 0.29726288848101357 0.7975632605152755
483 1.6791295882619204 11.086000000001 2.229350197392055 0.2972274212860871 0.7970858727201553
482 1.6761295882619205 11.089000000001 2.229703050299257 0.29719404114044456 0.7966641667819596
481 1.6731295882619204 11.092000000001 2.2300535948035836 0.29716037145052326 0.7962388884007174
480 1.6701295882619205 11.094000000001001 2.2301957308976035 0.29712573666903447 0.7958125984220421
479 1.6671295882619204 11.097000000001 2.2305430229815135 0.29709166741729665 0.7953851784272468
478 1.6641295882619205 11.100000000001 2.230872665293875 0.2970552663990088 0.7949028742225722
477 1.6611295882619204 11.103000000001 2.231216867548279 0.297020823279167 0.7944735554122885
476 1.6581295882619205 11.106000000001 2.2315594789226036 0.29698618704554025 0.794043213382181
475 1.6551295882619204 11.108000000001 2.2316938311352135 0.29695059154989334 0.7936144523962816
474 1.6521295882619205 11.111000000001 2.2320331175436285 0.296915547562874 0.7931820603234064
473 1.6491295882619204 11.114000000001 2.232354801116743 0.2968781815147823 0.7926947691713223
472 1.6461295882619205 11.117000000001001 2.232690820649406 0.29684274164120705 0.7922602142825269
471 1.6431295882619203 11.120000000001001 2.2330252302138613 0.2968071068976549 0.7918247406336618
470 1.6401295882619205 11.123000000001001 2.2333579833248085 0.29677127126477965 0.7913882259276385
469 1.6371295882619203 11.125000000001 2.233480941069584 0.29673425496052475 0.7909506671376639
468 1.6341295882619205 11.128000000001 2.2338101979204534 0.29669799069091973 0.7905119389177552
467 1.6311295882619203 11.131000000001 2.2341378000825847 0.2966615262500463 0.7900722822143539
466 1.6281295882619204 11.134000000001 2.23444791285587 0.2966227597446928 0.7895778688031665
465 1.6251295882619203 11.137000000001 2.2347721268573775 0.2965858855571217 0.789136127198647
464 1.6221295882619204 11.140000000001 2.2350953981014556 0.29654890614641677 0.7886959942696776
463 1.6191295882619203 11.142000000001001 2.2352073163386885 0.29651052179345244 0.7882521360746148
462 1.6161295882619204 11.145000000001 2.2355262047222557 0.29647299800914073 0.7878072122877599
461 1.6131295882619203 11.148000000001 2.2358433322720797 0.29643526096365236 0.7873612197747041
460 1.6101295882619204 11.151000000001 2.23615868700201 0.2963973092403763 0.7869141553872089
459 1.6071295882619203 11.154000000001 2.236456630745796 0.2963570707697366 0.7864123527705885
458 1.6041295882619204 11.157000000001 2.2367684317019325 0.29631868969000164 0.7859631595987834
457 1.6011295882619203 11.160000000001 2.237078423444154 0.29628008963181374 0.7855128850829463
456 1.5981295882619204 11.162000000001001 2.237176923116667 0.29624004537724 0.7850615260192668
455 1.5951295882619203 11.165000000001001 2.2374831412172043 0.29620098417702884 0.7846090791897328
454 1.5921295882619204 11.168000000001001 2.2377874744309767 0.2961616945056391 0.7841554100827531
453 1.5891295882619203 11.171000000001001 2.2380899858753014 0.29612218489820685 0.7837007773672965
452 1.5861295882619204 11.174000000001 2.2383906249761725 0.29608244884221613 0.783245047143678
451 1.5831295882619203 11.177000000001 2.238689378879441 0.2960424848201865 0.7827882161362069
450 1.5801295882619204 11.180000000001 2.2389862346300045 0.2960022913029203 0.7823302810546165
449 1.5771295882619203 11.183000000001 2.239281179170904 0.295961866749398 0.7818712385939088
448 1.5741295882619204 11.186000000001 2.239558893679382 0.29591918722656385 0.7813576873774088
447 1.5711295882619203 11.189000000001 2.2398500058331168 0.2958783003839725 0.7808964453435351
446 1.5681295882619204 11.192000000001 2.2401391671174027 0.2958371778250528 0.7804340859917379
445 1.5651295882619203 11.194000000001001 2.2402153570525165 0.29579438143641346 0.7799706059580147
444 1.5621295882619204 11.197000000001001 2.2405004542359648 0.29575276325154 0.7795060018632755
443 1.5591295882619205 11.200000000001001 2.2407835594570873 0.2957109044875677 0.7790402703132077
442 1.5561295882619204 11.203000000001001 2.241064658918691 0.29566880351747193 0.7785734078982675
441 1.5531295882619205 11.206000000001 2.241343738713883 0.2956264587015014 0.778105411193526
440 1.5501295882619204 11.209000000001 2.241620784824996 0.29558386838705314 0.7776362767586116
439 1.5471295882619205 11.212000000001 2.2418957432053204 0.295541025646409 0.7771658599174159
438 1.5441295882619204 11.215000000001 2.2421686793192124 0.2954979393097614 0.7766944389639019
437 1.5411295882619205 11.218000000001 2.242439539021534 0.29545460243860266 0.7762218698634809
436 1.5381295882619204 11.221000000001 2.2427083078411005 0.2954110133277243 0.7757481491131362
435 1.5351295882619205 11.224000000001 2.242974971190695 0.29536717025846143 0.7752732731939638
434 1.5321295882619204 11.227000000001 2.2432395143659085 0.2953230714985575 0.7747972385710888
433 1.5291295882619205 11.230000000001 2.2435019225440005 0.29527871530203315 0.7743200416935743
432 1.5261295882619204 11.233000000001 2.2437621807828556 0.29523409990906646 0.7738416789943219
431 1.5231295882619205 11.236000000001 2.244020274019747 0.29518922354584953 0.7733621468899853
430 1.5201295882619204 11.239000000001 2.244275352724454 0.29514397469989984 0.7728784467628361
429 1.5171295882619205 11.242000000001001 2.244529070064748 0.2950985710189939 0.7723965592240074
428 1.5141295882619203 11.245000000001001 2.2447805764947657 0.29505290096314685 0.7719134914355635
427 1.5111295882619205 11.248000000001001 2.245029856458018 0.2950069627013044 0.771429239748404
426 1.5081295882619203 11.251000000001001 2.245276894271509 0.29496075438774594 0.770943800496716
425 1.5051295882619204 11.254000000001 2.245521674124588 0.29491427416195354 0.7704571699978829
424 1.5021295882619203 11.257000000001 2.245764180077681 0.29486752014846496 0.7699693445524024
423 1.4991295882619204 11.260000000001 2.24600439606103 0.29482049045672815 0.7694803204437255
422 1.4961295882619203 11.263000000001 2.246242305873426 0.2947731831809552 0.7689900939382538
421 1.4931295882619204 11.266000000001 2.2464778931810017 0.2947255963999839 0.7684986612851724
420 1.4901295882619203 11.269000000001 2.246710305639596 0.2946776185439248 0.768002965639763
419 1.4871295882619204 11.272000000001 2.24694119833588 0.29462946694775305 0.7675091036072985
418 1.4841295882619203 11.275000000001 2.2471697187324766 0.294581029991198 0.7670140240761788
417 1.4811295882619204 11.278000000001 2.247395849951721 0.29453230569007993 0.76651772322599
416 1.4781295882619203 11.281000000001 2.247619574976599 0.2944832920440723 0.7660201972186237
415 1.4751295882619204 11.284000000001 2.2478408766494233 0.2944339870365497 0.7655214421981988
414 1.4721295882619203 11.287000000001001 2.2480597376704132 0.2943843886344235 0.7650214542909146
413 1.4691295882619204 11.291000000001 2.248505368992099 0.2943384336481591 0.7645725482847509
412 1.4661295882619203 11.294000000001 2.248718559195807 0.2942881492329624 0.7640669568194816
411 1.4631295882619204 11.297000000001 2.2489300921137003 0.2942376746943621 0.7635632124721139
410 1.4601295882619203 11.300000000001 2.249139113974442 0.2941868985106818 0.7630582194776536
409 1.4571295882619204 11.303000000001001 2.2493456502307043 0.29413582425042645 0.7625521359582254
408 1.4541295882619203 11.306000000001001 2.2495495958437544 0.29408443841912424 0.7620446344888094
407 1.4511295882619204 11.309000000001001 2.249750140465026 0.2940326353556708 0.7615327461514706
406 1.4481295882619203 11.312000000001001 2.2499489365349743 0.2939806313015839 0.761022713786858
405 1.4451295882619204 11.315000000001 2.250145129886421 0.29392831483996523 0.7605114127714414
404 1.4421295882619203 11.318000000001 2.250338701719413 0.29387568376412015 0.7599988390462461
403 1.4391295882619204 11.321000000001 2.2505434228298062 0.29382453620002785 0.7595370143701115
402 1.4361295882619205 11.325000000001001 2.2509482176480016 0.29377358730610276 0.7590218534967997
401 1.4331295882619204 11.328000000001001 2.2511331220234414 0.2937199127685759 0.7585024165476031
400 1.4301295882619205 11.331000000001 2.2513161184891364 0.29366601778140433 0.7579846764543695
399 1.4271295882619204 11.334000000001 2.251496397273136 0.293611796919384 0.7574656429794857
398 1.4241295882619205 11.337000000001 2.251673938600918 0.2935572478631525 0.7569453119472209
397 1.4211295882619204 11.340000000001 2.251861463981365 0.2935040289743442 0.7564723420503119
396 1.4181295882619205 11.343000000001 2.252033433543798 0.29344881125197897 0.755949367638796
395 1.4151295882619204 11.346000000001 2.2522026500554544 0.29339326409140176 0.7554252551195341
394 1.4121295882619205 11.350000000001 2.2525866559324608 0.293339872199778 0.7548996566171011
393 1.4091295882619204 11.353000000001 2.2527494795158356 0.29328355578521914 0.75436953684012
392 1.4061295882619205 11.356000000001 2.2529102755939268 0.29322700523625084 0.7538412908299281
391 1.4031295882619204 11.359000000001 2.2530681912517627 0.2931701097567553 0.7533117173895302
390 1.4001295882619205 11.362000000001 2.253236565502402 0.29311460483924157 0.7528326151605454
389 1.3971295882619204 11.365000000001 2.2533877890055587 0.29305689874104796 0.7522971205345945
388 1.3941295882619205 11.369000000001 2.2537553819863207 0.293001580649337 0.7517635030523571
387 1.3911295882619203 11.372000000001 2.253901667568116 0.29294329809865594 0.7512285405686392
386 1.3881295882619205 11.375000000001 2.2540449652853995 0.2928846580551846 0.7506922286616079
385 1.3851295882619203 11.378000000001 2.254197597186275 0.2928272614739775 0.7502029660674943
384 1.3821295882619204 11.381000000001 2.254334814172781 0.2927678932345671 0.7496639059423703
383 1.3791295882619203 11.384000000001 2.254468976262751 0.29270815965413405 0.7491234829016853
382 1.3761295882619204 11.388000000001 2.2548186116325795 0.292650725648981 0.7485786137401678
381 1.3731295882619203 11.391000000001 2.2549467419999085 0.29259027698871004 0.7480354466671602
380 1.3701295882619204 11.394000000001 2.25508468189986 0.29253113265958147 0.7475422098727217
379 1.3671295882619203 11.397000000001 2.255205679145935 0.29246982223307594 0.7469929779325306
378 1.3641295882619204 11.400000000001 2.2553243769222138 0.29240824594341 0.7464458150000931
377 1.3611295882619203 11.404000000001 2.255659878472434 0.29234916587402726 0.7458970777141112
376 1.3581295882619204 11.407000000001 2.2557842205335725 0.2922883904494255 0.7453948292338534
375 1.3551295882619203 11.410000000001 2.2558933735134907 0.29222567940877764 0.7448434465052853
374 1.3521295882619204 11.413000000001 2.255999214159913 0.2921625723734854 0.7442904731173577
373 1.3491295882619203 11.417000000001 2.256321563103911 0.29210194292072383 0.7437327840300716
372 1.3461295882619204 11.420000000001 2.2564336114974606 0.2920397105125556 0.7432282125407887
371 1.3431295882619203 11.423000000001 2.256529615612499 0.2919754348013277 0.7426709600398704
370 1.3401295882619204 11.426000000001 2.256621438063239 0.29191065191327686 0.7421089628496153
369 1.3371295882619203 11.430000000001 2.2569319332214457 0.2918486467409011 0.7415490446670014
368 1.3341295882619204 11.433000000001 2.257030371336957 0.29178479204711405 0.7410384072714143
367 1.3311295882619203 11.436000000001 2.2571120579066757 0.2917188058139162 0.7404720582322584
366 1.3281295882619204 11.439000000001 2.257191138456075 0.29165251746704074 0.7399077903209005
365 1.3251295882619203 11.443000000001 2.257488464124092 0.29158897192978417 0.7393418815394158
364 1.3221295882619204 11.446000000001 2.2575721599554615 0.29152335412981634 0.7388221315558472
363 1.3191295882619203 11.449000000001 2.2576407417525926 0.2914558195333964 0.738253273966093
362 1.3161295882619204 11.452000000001 2.257704940169388 0.2913877545848166 0.7376795929976364
361 1.3131295882619205 11.456000000001 2.2580009387075006 0.2913242023781944 0.7371586587970785
360 1.3101295882619204 11.459000000001 2.258058826650652 0.2912553995108972 0.7365853590695742
359 1.3071295882619205 11.462000000001 2.2581122995452336 0.29118606333439156 0.736007405685108
358 1.3041295882619204 11.466000000001001 2.2583856727411065 0.2911197203709917 0.7354311405179964
357 1.3011295882619205 11.469000000001001 2.25844385238341 0.2910510685732716 0.7349005234659117
356 1.2981295882619204 11.472000000001 2.2584871047019677 0.290980529464404 0.7343214382853587
355 1.2951295882619205 11.476000000001001 2.258749814438966 0.2909129425634839 0.7337406540309114
354 1.2921295882619204 11.479000000001001 2.2587967188073694 0.2908429528072093 0.7332055824567351
353 1.2891295882619205 11.482000000001001 2.258828637973861 0.29077107063220686 0.7326217461414292
352 1.2861295882619204 11.486000000001 2.259091458062079 0.2907036297183649 0.7320835301526204
351 1.2831295882619205 11.489000000001 2.2591157446555017 0.2906308458038963 0.731496620393445
350 1.2801295882619204 11.492000000001001 2.2591353662912517 0.29055749990901625 0.7309049752045119
349 1.2771295882619205 11.495000000001001 2.2591517870978572 0.2904837807326975 0.7303150061191573
348 1.2741295882619204 11.499000000001 2.259399432532385 0.2904145655066783 0.7297704751191547
347 1.2711295882619205 11.502000000001 2.2594079784427734 0.29033991653080504 0.7291773894448433
346 1.2681295882619203 11.506000000001 2.2596479039437503 0.2902698017403937 0.7286296477844683
345 1.2651295882619205 11.509000000001 2.2596484506058903 0.2901942086030161 0.7280334234755158
344 1.2621295882619203 11.512000000001 2.2596441542696692 0.2901180330668924 0.7274324088198982
343 1.2591295882619205 11.516000000001 2.25987295244452 0.29004662807818915 0.7268830633120963
342 1.2561295882619203 11.519000000001 2.2598612516420973 0.28996958717976085 0.7262823214412575
341 1.2531295882619204 11.522000000001 2.2598445190444427 0.28989194092317827 0.725676338034212
340 1.2501295882619203 11.526000000001 2.2600612064382473 0.2898191233221135 0.7251223285778681
339 1.2471295882619204 11.529000000001 2.2600361379350318 0.2897404946849561 0.7245133451613869
338 1.2441295882619203 11.533000000001 2.2602445412980843 0.2896667121484936 0.723955827460042
337 1.2411295882619204 11.536000000001 2.2602109548145677 0.2895870795012523 0.7233436085078939
336 1.2381295882619203 11.539000000001 2.2601737260145884 0.2895070217145331 0.7227330405536887
335 1.2351295882619204 11.543000000001001 2.260368746773059 0.2894316704113571 0.7221672939186995
334 1.2321295882619203 11.546000000001001 2.260322068841828 0.28935049193015017 0.7215501945944042
333 1.2291295882619204 11.549000000001 2.260282554644752 0.28927027243574793 0.7209843541063581
332 1.2261295882619203 11.553000000001001 2.2604536950372487 0.2891920131808472 0.7203639611752045
331 1.2231295882619204 11.556000000001001 2.2603943250281855 0.2891093438195359 0.7197452073529581
330 1.2201295882619203 11.560000000001 2.260567595185975 0.28903145994544993 0.7191710310197911
329 1.2171295882619204 11.563000000001 2.26049918875724 0.28894772720768735 0.7185491760462115
328 1.2141295882619203 11.567000000001 2.260663479392546 0.2888687989472094 0.7179713555894811
327 1.2111295882619204 11.570000000001 2.2605858408139707 0.2887839796622117 0.717346155097523
326 1.2081295882619203 11.573000000001 2.2605132985576817 0.2886998552248043 0.7167651096526669
325 1.2051295882619204 11.577000000001 2.260654030818305 0.2886180730824325 0.716136315367152
324 1.2021295882619203 11.580000000001 2.2605719370625112 0.28853282335282743 0.7155517974768536
323 1.1991295882619204 11.584000000001 2.2607035023681417 0.28844997866722744 0.7149198331385528
322 1.1961295882619203 11.587000000001 2.260601262794278 0.28836225416043915 0.7142824246781299
321 1.1931295882619204 11.591000000001001 2.260733104363914 0.2882795535968415 0.7136926710757217
320 1.1901295882619203 11.594000000001001 2.2606218892585517 0.2881907819255388 0.7130555863030715
319 1.1871295882619204 11.597000000001 2.260515119995029 0.2881026228049809 0.7124620680959415
318 1.1841295882619205 11.601000000001001 2.2606229132006015 0.2880170191422675 0.711821525903762
317 1.1811295882619204 11.604000000001001 2.26050608150253 0.2879276764424773 0.7112246744032712
316 1.1781295882619205 11.608000000001 2.2606033704531434 0.2878408471877885 0.7105770950461354
315 1.1751295882619204 11.611000000001 2.2604769476605893 0.2877503829581948 0.7099799784568639
314 1.1721295882619205 11.615000000001 2.260564304697494 0.287662403228931 0.7093288831610572
313 1.1691295882619204 11.618000000001 2.260427477802016 0.28757071597706224 0.7087283901845155
312 1.1661295882619205 11.622000000001 2.2605047336849173 0.28748156645272177 0.7080737536245779
311 1.1631295882619204 11.625000000001 2.2603572337998803 0.28738862408190985 0.7074693910156616
310 1.1601295882619205 11.629000000001 2.2604242158858137 0.28729828506208965 0.7068111860825211
309 1.1571295882619204 11.632000000001 2.260265244039101 0.2872039881908661 0.7061998173854033
308 1.1541295882619205 11.636000000001001 2.2603224928568655 0.28711253064073916 0.7055415964221208
307 1.1511295882619204 11.639000000001001 2.260152542507 0.2870169442001376 0.7049265314495665
306 1.1481295882619205 11.642000000001001 2.2599672898298553 0.2869194642794715 0.7042608686010138
305 1.1451295882619204 11.646000000001 2.26001799611157 0.28682735264704334 0.7036456675278435
304 1.1421295882619205 11.649000000001001 2.259821638178536 0.28672857108241223 0.7029765941345049
303 1.1391295882619203 11.653000000001 2.259861327312065 0.28663518291999646 0.7023576471891431
302 1.1361295882619205 11.656000000001 2.2596536277129236 0.2865350719604026 0.7016848979394611
301 1.1331295882619203 11.660000000001 2.259681413306051 0.28644029733439585 0.7010585727742202
300 1.1301295882619204 11.663000000001 2.259462828307536 0.2863389170963142 0.7003854807501172
299 1.1271295882619203 11.667000000001 2.2594792176909584 0.2862428228522853 0.6997553455830106
298 1.1241295882619204 11.670000000001 2.2592482543874137 0.2861399864433462 0.6990751565373622
297 1.1211295882619203 11.674000000001 2.2592537368893972 0.2860426370684749 0.6984447962895439
296 1.1181295882619204 11.677000000001 2.259010840532994 0.2859384032897147 0.6977608471189588
295 1.1151295882619203 11.681000000001001 2.2590038412010007 0.285839601912408 0.6971230034070143
294 1.1121295882619204 11.685000000001 2.2589826556364803 0.2857390737595223 0.6964388868135035
293 1.1091295882619203 11.688000000001 2.2587304825381533 0.2856338428802361 0.6957971456571866
292 1.1061295882619204 11.692000000001 2.258696575949935 0.2855318371857095 0.6951053379092464
291 1.1031295882619203 11.695000000001 2.258432509210762 0.2854252193101595 0.6944632989185859
290 1.1001295882619204 11.699000000001 2.258386437606415 0.28532180906687793 0.693767891726873
289 1.0971295882619203 11.702000000001 2.2581089219714694 0.28521361013144075 0.6931182624764823
288 1.0941295882619204 11.706000000001 2.258059696636309 0.2851099358334873 0.6924702566448765
287 1.0911295882619203 11.709000000001 2.25776056415154 0.2849991271532023 0.6917689983552372
286 1.0881295882619204 11.713000000001001 2.257697918708075 0.2848938946061812 0.6911133486023331
285 1.0851295882619203 11.716000000001001 2.2573863199929076 0.2847816347675172 0.6904118128356374
284 1.0821295882619204 11.720000000001 2.257310685097006 0.28467490117097105 0.6897521276819663
283 1.0791295882619203 11.723000000001 2.256985089550441 0.2845609996840505 0.6890429915016165
282 1.0761295882619204 11.727000000001 2.2568962361352702 0.28445273903099677 0.6883792375395748
281 1.0731295882619203 11.730000000001 2.256557694992211 0.28433733112632265 0.6876697721738426
280 1.0701295882619204 11.734000000001 2.2564553825364264 0.2842275159762569 0.6870019193628842
279 1.0671295882619203 11.738000000001 2.2563463100136696 0.2841169244493563 0.6863319782949833
278 1.0641295882619204 11.741000000001 2.255986995678588 0.2839990954028623 0.6856164597797564
277 1.0611295882619205 11.745000000001001 2.2558640985598784 0.28388690783949866 0.6849423710860567
276 1.0581295882619204 11.748000000001001 2.255489963756026 0.28376734314817526 0.6842191271791648
275 1.0551295882619205 11.752000000001 2.255353609239838 0.28365360876587326 0.6835445252066378
274 1.0521295882619204 11.755000000001 2.2549650246843997 0.2835323579473997 0.6828171869740841
273 1.0491295882619205 11.759000000001 2.254813724594296 0.28341689263243114 0.682134702666935
272 1.0461295882619204 11.763000000001 2.2546552220035614 0.28330060084092534 0.6814500715754482
271 1.0431295882619205 11.766000000001 2.254245144419828 0.2831768534459576 0.6807201786123277
270 1.0401295882619204 11.770000000001 2.2540719158937907 0.2830588631595229 0.6800312831511764
269 1.0371295882619205 11.773000000001 2.253646128988301 0.2829332787203145 0.6792935377592731
268 1.0341295882619204 11.777000000001001 2.253458495965708 0.28281363350009603 0.6786040233087318
267 1.0311295882619205 11.780000000001001 2.253017324971069 0.28268625589614965 0.6778620683316993
266 1.0281295882619204 11.784000000001 2.2528138721141593 0.2825647813564705 0.677164805421811
265 1.0251295882619205 11.787000000001001 2.2523643083653133 0.282436490321983 0.6764650700572237
264 1.0221295882619204 11.791000000001 2.2521385657092416 0.2823123785356789 0.6757203958838844
263 1.0191295882619205 11.795000000001 2.2519116903145426 0.28218820898456953 0.6750162746568471
262 1.0161295882619203 11.798000000001 2.2514308894520374 0.28205621997526553 0.6742636188845776
261 1.0131295882619205 11.802000000001 2.251188025368171 0.2819302085277771 0.6735550754020032
260 1.0101295882619203 11.805000000001 2.250691391306374 0.2817963809638045 0.6728017803705189
259 1.0071295882619204 11.809000000001001 2.250432235245009 0.2816684930900722 0.6720887795548555
258 1.0041295882619203 11.812000000001001 2.24992518421522 0.28153350782799025 0.6713735076369831
257 1.0011295882619204 11.816000000001 2.249643181033733 0.2814029268099919 0.6706138981994515
256 0.9981295882619204 11.819000000001001 2.2491189960411737 0.28126594619772605 0.6698941144741896
255 0.9951295882619204 11.823000000001 2.2488196231751076 0.2811333615654568 0.6691261222182154
254 0.9921295882619204 11.827000000001 2.2485184486121588 0.28100064145517134 0.6684017886969592
253 0.9891295882619204 11.830000000001 2.247962043228597 0.2808598646211501 0.6676330391162253
252 0.9861295882619204 11.834000000001 2.2476434735808875 0.2807251428580809 0.6669041188510408
251 0.9831295882619204 11.837000000001 2.2470751588288373 0.28058303202392465 0.6661731352066902
250 0.9801295882619204 11.841000000001001 2.2467324718326642 0.2804454730036391 0.6653939095555148
249 0.9771295882619204 11.844000000001001 2.2461463511627815 0.28030129496002015 0.6646617083698724
248 0.9741295882619204 11.848000000001 2.245785726574818 0.2801616746152976 0.6638779361783294
247 0.9711295882619204 11.851000000001001 2.2451804712355963 0.2800152671296601 0.663137352642724
246 0.9681295882619204 11.855000000001 2.244802098726111 0.2798736129899294 0.6623529733438306
245 0.9651295882619204 11.858000000001 2.2441778638444845 0.27972499910876725 0.6616076687364264
244 0.9621295882619204 11.862000000001 2.2437862603299767 0.27958187782432875 0.6608599582019578
243 0.9591295882619204 11.866000000001 2.2433793221065064 0.27943694292918553 0.660064624645171
242 0.9561295882619204 11.869000000001 2.2427264905581428 0.27928501603235745 0.6593158345592065
241 0.9531295882619204 11.873000000001001 2.2423003998008295 0.2791378823524247 0.6585160995250336
240 0.9501295882619204 11.876000000001001 2.2416271924327313 0.2789835846610823 0.6577587872848515
239 0.9471295882619204 11.880000000001 2.241181967480316 0.27883425860769423 0.656957755772603
238 0.9441295882619204 11.883000000001001 2.2404884772186127 0.2786776056254082 0.6561955815825081
237 0.9411295882619204 11.887000000001 2.2400228737560206 0.2785259365919816 0.655386370215636
236 0.9381295882619204 11.890000000001 2.23930871272625 0.2783668840610467 0.6546192940510787
235 0.9351295882619204 11.894000000001 2.2388231752186507 0.2782129316329206 0.6538087038271105
234 0.9321295882619204 11.897000000001 2.238087936216414 0.2780514329684113 0.6530366830375226
233 0.9291295882619204 11.901000000001 2.2375864436416126 0.27789569558807337 0.6522624245971425
232 0.9261295882619204 11.904000000001 2.2368249407640275 0.27773111083536905 0.6514445273060471
231 0.9231295882619204 11.908000000001 2.236302111538258 0.2775729242679249 0.6506649787696601
230 0.9201295882619204 11.911000000001 2.235518407063438 0.27740576253712934 0.6498384819951152
229 0.9171295882619204 11.915000000001001 2.234969365502501 0.2772445265265317 0.6490135303986626
228 0.9141295882619204 11.918000000001001 2.2341683840843296 0.2770754030030848 0.6482264228673514
227 0.9111295882619204 11.922000000001 2.233601663701932 0.27691218075939994 0.6474367302501812
226 0.9081295882619204 11.925000000001 2.232773533399631 0.2767398751674532 0.6466042831760369
225 0.9051295882619204 11.929000000001 2.2321795465208 0.2765734828141889 0.6457653823896401
224 0.9021295882619204 11.932000000001 2.231332539938356 0.27639902522618676 0.6449680003967931
223 0.8991295882619204 11.935000000001 2.2304694699125713 0.2762226660356619 0.6441277400940165
222 0.8961295882619204 11.939000000001 2.22984531889931 0.27605285204224494 0.6433254394014909
221 0.8931295882619203 11.942000000001 2.2289584331131587 0.2758737355620678 0.6424800836414757
220 0.8901295882619203 11.946000000001 2.2283104695534743 0.2757011916660277 0.6416722469035671
219 0.8871295882619203 11.949000000001 2.2273989572946085 0.275519222222952 0.6408183556441182
218 0.8841295882619203 11.953000000001001 2.2267270777580657 0.2753439407003732 0.640008905600764
217 0.8811295882619203 11.956000000001 2.2257907556325853 0.2751591003661778 0.6391495462004632
216 0.8781295882619203 11.960000000001001 2.225093779153275 0.2749809403515872 0.6383313615870033
215 0.8751295882619204 11.963000000001001 2.2241325067947755 0.27479321658542233 0.6374704523400095
214 0.8721295882619204 11.966000000001001 2.2231579916219912 0.27460395119853864 0.6366032717122997
213 0.8691295882619204 11.970000000001 2.2224231483459076 0.27442144980142347 0.6357806939336341
212 0.8661295882619204 11.973000000001 2.2214225578763163 0.27422916928813507 0.6349082188992986
211 0.8631295882619204 11.976000000001001 2.220408973515141 0.27403538144552525 0.6340367812433532
210 0.8601295882619204 11.980000000001 2.219634412221394 0.2738483219994494 0.6332023608700823
209 0.8571295882619204 11.983000000001 2.2185939242706363 0.27365142429641043 0.6323255541459438
208 0.8541295882619204 11.986000000001 2.2175428345399166 0.2734533178129499 0.6314853121300551
207 0.8511295882619204 11.990000000001 2.2167242115623025 0.27326117696803526 0.6305997230226958
206 0.8481295882619204 11.993000000001 2.21564224528131 0.2730594784549071 0.629714810739794
205 0.8451295882619204 11.996000000001 2.2145461143423804 0.27285613558494937 0.6288271952743666
204 0.8421295882619204 12.000000000001 2.213688948032459 0.27265960654393767 0.6279758152328835
203 0.8391295882619204 12.003000000001 2.212564203264119 0.2724529587254617 0.6270829769348257
202 0.8361295882619204 12.006000000001 2.21142456741445 0.2722445809644813 0.6261834686652694
201 0.8331295882619204 12.009000000001 2.2102733230581846 0.2720348785685185 0.6253272245142227
200 0.8301295882619204 12.013000000001 2.209355205730159 0.27183133645959523 0.6244224266755855
199 0.8271295882619204 12.016000000001 2.208171195548548 0.27161782901467335 0.6235181988382911
198 0.8241295882619204 12.019000000001 2.2069717126384703 0.27140252539467596 0.6226075560417664
197 0.8211295882619204 12.022000000001 2.2057570790925705 0.2711854665437542 0.6216980335870966
196 0.8181295882619204 12.025000000001 2.204529375444668 0.2709669095017486 0.6208273959940863
195 0.8151295882619204 12.029000000001 2.2035354181743454 0.27075467458970753 0.6199082511956705
194 0.8121295882619204 12.032000000001 2.2022737112401023 0.2705321750728699 0.6189901774703075
193 0.8091295882619204 12.035000000001 2.2009959109071473 0.27030781002635246 0.6180689614815094
192 0.8061295882619204 12.038000000001 2.1997016694174683 0.2700815381468143 0.6171412786604071
191 0.8031295882619204 12.041000000001 2.198391199907781 0.2698533870221266 0.6162143260299885
190 0.8001295882619204 12.044000000001 2.1970641407085174 0.2696233136725502 0.6152847746406483
189 0.7971295882619204 12.047000000001 2.195722087545824 0.2693915153125874 0.6143898735396246
188 0.7941295882619204 12.050000000001 2.194361188888757 0.26915752080679634 0.6134541361850874
187 0.7911295882619204 12.053000000001001 2.192983136373183 0.26892153923727774 0.6125154695676412
186 0.7881295882619204 12.056000000001001 2.1915877539917723 0.2686835505093186 0.611574151068172
185 0.7851295882619204 12.059000000001001 2.190174681346377 0.26844351194794147 0.6106260161938778
184 0.7821295882619204 12.062000000001001 2.1887440332443076 0.2682014391507266 0.6096784871854668
183 0.7791295882619204 12.065000000001 2.1872954622967007 0.26795729107783595 0.6087279756716748
182 0.7761295882619204 12.068000000001 2.1858273533333787 0.2677108714577573 0.6077339036186451
181 0.7731295882619204 12.071000000001 2.184342415478047 0.2674625137036588 0.6067774710863153
180 0.7701295882619204 12.074000000001 2.1828389494434517 0.2672120112421532 0.6058180157091434
179 0.7671295882619203 12.077000000001 2.181316747703108 0.26695934027349216 0.6048555237103261
178 0.7641295882619203 12.079000000001 2.1795197637648966 0.2666952514972589 0.6038899812305621
177 0.7611295882619203 12.082000000001 2.1779592572352606 0.26643812743466266 0.6029216634244371
176 0.7581295882619203 12.085000000001001 2.176378420469507 0.26617864457132245 0.6019096389347386
175 0.7551295882619203 12.088000000001001 2.1747790145930255 0.26591702000175976 0.6009349488605864
174 0.7521295882619203 12.090000000001 2.1729031208313665 0.26564369697729734 0.5999571525686255
173 0.7491295882619204 12.093000000001 2.171263648477299 0.26537741626031586 0.5989762357832461
172 0.7461295882619204 12.096000000001 2.169603279277517 0.2651087141943516 0.5979521996450953
171 0.7431295882619204 12.098000000001 2.1676658160257087 0.2648281834645258 0.5969650890738223
170 0.7401295882619204 12.101000000001001 2.1659647017265713 0.26455475190710864 0.5959748152362355
169 0.7371295882619204 12.103000000001 2.1639845505858992 0.2642692154991606 0.594945124924338
168 0.7341295882619204 12.106000000001 2.1622411072504715 0.26399086738455757 0.593948851824704
167 0.7311295882619204 12.108000000001 2.160217852376355 0.26370028030900666 0.5929095561108114
166 0.7281295882619204 12.111000000001 2.1584310991816547 0.2634169024652333 0.5919066608370369
165 0.7251295882619204 12.113000000001 2.1563637912835363 0.2631211547229403 0.5908646318094398
164 0.7221295882619204 12.116000000001 2.1545327119746194 0.2628326298510171 0.5898553358261222
163 0.7191295882619204 12.118000000001 2.1524203010816265 0.26253159933649706 0.5888070497948424
162 0.7161295882619204 12.120000000001001 2.1502848979463125 0.2622278642613911 0.587751951612296
161 0.7131295882619204 12.123000000001001 2.1483852872739875 0.2619313716933897 0.5867364110780078
160 0.7101295882619204 12.125000000001 2.1462032020890014 0.2616221703346276 0.5856752709229778
159 0.7071295882619204 12.127000000001 2.1439972689687337 0.2613101643797404 0.5846143962703135
158 0.7041295882619204 12.129000000001 2.1417672796292972 0.2609953298346793 0.5835469696597337
157 0.7011295882619204 12.131000000001 2.1395128661330465 0.26067762326905125 0.5824797642069868
156 0.6981295882619204 12.133000000001001 2.137233780226938 0.2603570158610328 0.5814093678583783
155 0.6951295882619204 12.136000000001001 2.1351896005385727 0.2600436963748986 0.5803704991768068
154 0.6921295882619204 12.137000000001 2.132600502569176 0.25970697168293877 0.5792553116036677
153 0.6891295882619204 12.139000000001001 2.1302456409388 0.2593774562582438 0.5781752660387096
152 0.6861295882619204 12.141000000001 2.127864921848814 0.25904490152597454 0.5770916941546834
151 0.6831295882619204 12.143000000001 2.125458021404865 0.25870926956369383 0.5760051374823368
150 0.6801295882619204 12.145000000001 2.1230246321952766 0.2583705244798738 0.574915302851673
149 0.6771295882619204 12.147000000001 2.1205644443963125 0.2580286301131272 0.5738218998784966
148 0.6741295882619204 12.147000000001 2.1175646864834303 0.25766362190647857 0.5724069849871734
147 0.6711295882619204 12.149000000001001 2.115050317484774 0.25731530855454304 0.5713053121480847
146 0.6681295882619204 12.152000000001001 2.1127589400542353 0.25697308606485797 0.5704848912642603
145 0.6651295882619204 12.153000000001 2.1099270619887682 0.25660753064132036 0.5693442016202566
144 0.6621295882619204 12.155000000001001 2.107327648797924 0.25624922169559067 0.5682345916834315
143 0.6591295882619204 12.155000000001001 2.1041878767683686 0.2558674281290638 0.5668223203578793
142 0.6561295882619204 12.156000000001 2.101269641027467 0.2554915537224316 0.5656672062595921
141 0.6531295882619204 12.158000000001 2.0985831700078093 0.2551229332242278 0.5645427417800345
140 0.6501295882619204 12.159000000001 2.095605209357502 0.2547399526791252 0.5633812251908572
139 0.6471295882619204 12.160000000001 2.092594678665786 0.2543530762638344 0.5622531877339647
138 0.6441295882619203 12.161000000001 2.089555323827369 0.2539627602122556 0.5610852048764136
137 0.6411295882619203 12.162000000001001 2.086484747111485 0.25356871397866615 0.5599140237154506
136 0.6381295882619203 12.163000000001 2.083382562801767 0.2531708916111866 0.558739631052825
135 0.6351295882619203 12.164000000001 2.0802483790511714 0.2527692464281151 0.5575620136090641
134 0.6321295882619203 12.164000000001 2.0768172494026818 0.2523523327247421 0.5563811580228474
133 0.6291295882619203 12.165000000001001 2.073617693792375 0.25194284521893917 0.555197050850547
132 0.6261295882619204 12.166000000001 2.070384927571003 0.2515293902995622 0.5540096785656957
131 0.6231295882619204 12.166000000001 2.066853464369408 0.2511003556914883 0.5528190275584504
130 0.6201295882619204 12.167000000001 2.063552852677731 0.25067876218372737 0.5516250841351095
129 0.6171295882619204 12.167000000001 2.059955038737062 0.25024170260270234 0.5503952807255882
128 0.6141295882619204 12.167000000001 2.0563193672099156 0.24980004411212914 0.5491948186993559
127 0.6111295882619204 12.167000000001 2.052650846747331 0.24935439515895927 0.547958685446502
126 0.6081295882619204 12.167000000001 2.048946610688726 0.24890440750354142 0.5467165036154794
125 0.6051295882619204 12.167000000001 2.045205685918421 0.24844996293255517 0.5454741114459193
124 0.6021295882619204 12.167000000001 2.041427869893241 0.2479910368412166 0.5442285659950944
123 0.5991295882619204 12.167000000001 2.037609561809492 0.24752719180675176 0.5430117529295514
122 0.5961295882619204 12.167000000001 2.0337599775300665 0.24705954736486793 0.5417250958418915
121 0.5931295882619204 12.166000000001 2.0296019975541224 0.24657470511751226 0.5404700300029623
120 0.5901295882619204 12.166000000001 2.0256717331858543 0.2460972204782542 0.5392117620496926
119 0.5871295882619204 12.165000000001001 2.0214389538602724 0.24560317120970043 0.537916001159556
118 0.5841295882619204 12.164000000001 2.017162118135423 0.245103687453415 0.5366542387273828
117 0.5811295882619204 12.163000000001 2.012848898682859 0.24459970024555794 0.5353523838174274
116 0.5781295882619204 12.162000000001001 2.0084947357157845 0.244090654328258 0.5340475372604904
115 0.5751295882619204 12.161000000001 2.0040987733978834 0.24357644443596987 0.5327424676329494
114 0.5721295882619204 12.159000000001 1.9993935260473819 0.24304454385681498 0.5314315944639404
113 0.5691295882619204 12.158000000001 1.9949128936397158 0.24251982777042014 0.5301204500673153
112 0.5661295882619204 12.156000000001 1.9901255979906392 0.2419776458983092 0.528772884173511
111 0.5631295882619204 12.154000000001 1.9852902174409348 0.24142943802539193 0.5274557439489882
110 0.5601295882619204 12.153000000001 1.980682925263969 0.24088896890887862 0.5261024331677239
109 0.5571295882619204 12.150000000001 1.9754946332660719 0.24031729621528894 0.5247463055818316
108 0.5541295882619204 12.148000000001 1.9705286323021594 0.23975265174234955 0.5233900293131136
107 0.5511295882619204 12.146000000001 1.965517002647972 0.23918226879639898 0.5220282297046602
106 0.5481295882619204 12.143000000001 1.960189926711111 0.23859295221947083 0.5206662345270864
105 0.5451295882619204 12.140000000001 1.95482067624942 0.23799820965994756 0.5192663380471041
104 0.5421295882619204 12.138000000001 1.949666974745354 0.23740986168931852 0.5178987339287767
103 0.5391295882619204 12.134000000001 1.943932370350417 0.2367895945971293 0.5164961279336301
102 0.5361295882619204 12.131000000001 1.938417357716601 0.23617620520615068 0.5150909080371067
101 0.5331295882619204 12.127000000001 1.9325885025716534 0.2355436858967192 0.513653816419015
100 0.5301295882619204 12.124000000001 1.9269735051192565 0.23491744490864958 0.5122434833716958
99 0.5271295882619204 12.120000000001001 1.9210434040773396 0.2342717978839708 0.5108015307732129
98 0.5241295882619204 12.116000000001 1.9150617222295567 0.2336194321780814 0.5093572087911311
97 0.5211295882619204 12.111000000001 1.9087587655595533 0.23294666286437904 0.5079105149774209
96 0.5181295882619203 12.107000000001001 1.9026719229897755 0.23228053624975364 0.506461446890583
95 0.5151295882619203 12.102000000001 1.8962679190904927 0.23159437237336655 0.5049790902420996
94 0.5121295882619203 12.097000000001 1.8898093207019364 0.2309009708065435 0.5034971021500301
93 0.5091295882619203 12.091000000001001 1.8830267626076493 0.23018643359833535 0.5020130083538836
92 0.5061295882619203 12.086000000001 1.876457801681738 0.22947832186438372 0.5005268093851811
91 0.5031295882619203 12.080000000001 1.869569262497209 0.22874946016705208 0.4990082218979362
90 0.5001295882619204 12.074000000001 1.8626234966086739 0.2280128686738872 0.4974902122478624
89 0.4971295882619204 12.067000000001 1.8553511835430512 0.2272543817805407 0.4959703838126727
88 0.4941295882619204 12.060000000001 1.8480266856537833 0.22648861877253537 0.4944189418576205
87 0.4911295882619204 12.053000000001001 1.8406434956772597 0.22571476899874315 0.4928660174155372
86 0.4881295882619204 12.046000000001001 1.8332009071240347 0.22493273167550348 0.49131161807215684
85 0.4851295882619204 12.038000000001 1.8254288640675764 0.2241279543673414 0.4897580120444226
84 0.48212958826192037 12.030000000001001 1.8176022742611306 0.22331540494123125 0.4881737732776018
83 0.47912958826192037 12.022000000001 1.8097139101252653 0.22249417929101217 0.4865905989130546
82 0.47612958826192037 12.013000000001 1.8015016454335433 0.22165046102241392 0.4849752533383934
81 0.47312958826192036 12.004000000001 1.7932201716633769 0.22079695597090027 0.48338991287413646
80 0.4701295882619204 11.995000000001001 1.784887664186794 0.2199358816969794 0.48174868191618964
79 0.4671295882619204 11.985000000001001 1.77621676285531 0.2190500612122266 0.48013522263666525
78 0.4641295882619204 11.974000000001 1.767226356267313 0.21814154213723314 0.47846476412278455
77 0.4611295882619204 11.964000000001 1.7584328698523037 0.21723752280793268 0.47682211378237516
76 0.4581295882619204 11.952000000001 1.7490443488178589 0.21629460648558058 0.4751533665139746
75 0.4551295882619204 11.941000000001 1.7398578504150923 0.21535676640002355 0.47348452055733625
74 0.4521295882619204 11.929000000001 1.7303435746535534 0.2143945587410333 0.4717902591539373
73 0.4491295882619204 11.916000000001 1.7205020925419199 0.21340773846972252 0.47006910107146976
72 0.4461295882619204 11.903000000001 1.7105932491363185 0.21241039817441892 0.46835058468216834
71 0.4431295882619204 11.889000000001001 1.7003503378567717 0.211387127806356 0.466632723693924
70 0.4401295882619204 11.875000000001 1.6900465453615572 0.21035386701386288 0.4648889517390756
69 0.4371295882619204 11.860000000001001 1.6794149071969189 0.20929495876019022 0.46312177476757116
68 0.4341295882619204 11.845000000001 1.668714723174682 0.20822481533592993 0.46135794494460974
67 0.4311295882619204 11.829000000001 1.6576874146595124 0.2071285960051231 0.4595695732459488
66 0.4281295882619204 11.812000000001001 1.64632629129569 0.20600507922204087 0.45778492187126946
65 0.4251295882619204 11.795000000001 1.634903814899209 0.20487063563492025 0.4559765574326604
64 0.4221295882619204 11.777000000001001 1.6231550001244932 0.20370926029517716 0.45414689879819464
63 0.41912958826192037 11.758000000001001 1.6110807423277893 0.20252064574656461 0.4522965307365051
62 0.41612958826192037 11.738000000001 1.5986756903078354 0.20130368211050992 0.45044932004719307
61 0.41312958826192037 11.718000000001 1.5862100306444702 0.20007491962523258 0.4485822317908564
60 0.41012958826192036 11.697000000001001 1.5734213760085851 0.19881814115090107 0.44669587499068514
59 0.4071295882619204 11.675000000001 1.560311581601525 0.19753310743393282 0.44478923639231793
58 0.4041295882619204 11.652000000001001 1.546874426988492 0.19621853852384197 0.4428903688519326
57 0.4011295882619204 11.629000000001 1.533386601079808 0.19489232938286194 0.44094819423953274
56 0.3981295882619204 11.604000000001001 1.519314530711868 0.19351980788407866 0.43901303354283944
55 0.3951295882619204 11.578000000001001 1.504934957518881 0.19211869945358617 0.43703794531431733
54 0.3921295882619204 11.551000000001 1.490236519808045 0.19068699334651476 0.43507075119053007
53 0.3891295882619204 11.524000000001001 1.4754927913001512 0.18924276956968997 0.4330654279374451
52 0.3861295882619204 11.494000000001 1.4599273347079593 0.18773510944607857 0.43104613383188756
51 0.3831295882619204 11.464000000001 1.444315418153057 0.1862135685500883 0.4290135722692209
50 0.3801295882619204 11.433000000001 1.428402361077512 0.1846612660509856 0.4269698333965112
49 0.3771295882619204 11.400000000001 1.4119452004206734 0.18306210124268313 0.4248907936847624
48 0.3741295882619204 11.366000000001 1.3951959446786348 0.18143163171588647 0.42280246027695917
47 0.3711295882619204 11.330000000001 1.3779072868471913 0.17975274858633938 0.4207042080532388
46 0.3681295882619204 11.293000000001001 1.3603437639242053 0.17804295545656104 0.41857672660859124
45 0.3651295882619204 11.255000000001 1.342510426327174 0.17630215497577734 0.41642022280440055
44 0.3621295882619204 11.214000000001 1.3239089118512815 0.174495007874105 0.41425826493239737
43 0.3591295882619204 11.172000000001 1.3050530726994902 0.1726564071732814 0.41206983578545203
42 0.35612958826192037 11.128000000001 1.2856965998983425 0.1707681333817465 0.40987796680945376
41 0.35312958826192037 11.083000000001 1.2661068126102406 0.16884898926673636 0.40764331506167334
40 0.35012958826192037 11.035000000001 1.2457989232966677 0.16686339158060093 0.40538799702550143
39 0.34712958826192036 10.985000000001001 1.2250305800171928 0.16482850577259867 0.40311358949636805
38 0.3441295882619204 10.932000000001 1.2035750807363605 0.16272677491709708 0.4008227033369797
37 0.3411295882619204 10.878000000001 1.181927132929339 0.16059318116720783 0.39851491098423153
36 0.3381295882619204 10.820000000001 1.159400036944504 0.15837677745889128 0.3961565197130132
35 0.3351295882619204 10.760000000001 1.136470784507203 0.15611026367619968 0.3938059504076668
34 0.3321295882619204 10.698000000001 1.1131736261616954 0.1537962575694347 0.3914088018487272
33 0.3291295882619204 10.632000000001 1.0890612854103183 0.15139892961197343 0.3889871995564778
32 0.3261295882619204 10.563000000001 1.064392858825876 0.1489361507220204 0.38654451868962997
31 0.3231295882619204 10.490000000001 1.0389715613181887 0.14639074633571836 0.3840816790960871
30 0.3201295882619204 10.414000000001 1.0130607246757837 0.1437816152148876 0.38158603787104944
29 0.3171295882619204 10.334000000001 0.9864717117796775 0.14109175369647897 0.37906109958342304
28 0.3141295882619204 10.250000000001 0.9592454727019233 0.13832202735205174 0.37651042680748603
27 0.3111295882619204 10.162000000001001 0.9314253521399196 0.135473489363646 0.3739382991133079
26 0.3081295882619204 10.068000000001 0.9026416300289017 0.13251273125185836 0.37133206145786846
25 0.3051295882619204 9.970000000001 0.8733807513026647 0.12947738236744055 0.36868176612278225
24 0.3021295882619204 9.866000000001 0.8432831459089609 0.12633327719149495 0.3660086180999167
23 0.2991295882619204 9.756000000001 0.8124259866765619 0.12308282844222379 0.363316762527204
22 0.2961295882619204 9.640000000001 0.7808986214325696 0.11973002553687982 0.36058309715012105
21 0.29312958826192037 9.517000000001001 0.7485950811733988 0.11626054452975843 0.35781551997208405
20 0.29012958826192037 9.386000000001001 0.7154764408635491 0.11266791071412158 0.3548469055731743
19 0.28712958826192037 9.247000000001 0.6815776581259225 0.10894315322506586 0.35202928274906237
18 0.28412958826192036 9.100000000001 0.6470808576458144 0.10509997506951319 0.3491728722747181
17 0.2811295882619204 8.942000000001 0.6116102565137453 0.10109403875104378 0.34627525407080584
16 0.2781295882619204 8.774000000001001 0.5755256450380453 0.0969510469088013 0.3433477506341635
15 0.2751295882619204 8.593000000001 0.5385407308683102 0.09263160659847286 0.3403669584834034
14 0.2721295882619204 8.400000000001 0.5010580768819162 0.08816459848919843 0.33735938883072086
13 0.2691295882619204 8.191000000001 0.4627424156680609 0.08350026165277719 0.3342962984438313
12 0.2661295882619204 7.966000000001 0.4239318033235139 0.07865768299707498 0.33119737643404296
11 0.2631295882619204 7.7220000000010005 0.38459078621263476 0.07361300235388285 0.3280433581449023
10 0.2601295882619204 7.4560000000010005 0.34478704799712256 0.06834873745359155 0.32485084681949616
9 0.2571295882619204 7.165000000001 0.30471206166535764 0.0628577604806208 0.3216036546135693
8 0.2541295882619204 6.844000000001 0.2644673889612997 0.057114657862628544 0.3183129771351574
7 0.2511295882619204 6.4880000000010005 0.22436612427169497 0.051113061868553356 0.314974206659625
6 0.2481295882619204 6.090000000001001 0.18477073372767605 0.04484369020557883 0.31157626490304224
5 0.24512958826192038 5.6370000000010005 0.145910414605983 0.03825812744866991 0.3081253985588848
4 0.24212958826192038 5.114000000001001 0.10848430620976054 0.03135390550243988 0.30462279015380944
3 0.23912958826192038 4.494000000001001 0.07330095426728175 0.024108046104317604 0.3010567710536512
2 0.23612958826192038 3.725000000001 0.04156229618108869 0.016491444923956877 0.29743264800131597
1 0.2331295882619204 2.674000000001 0.015307818769529892 0.008461305229828187 0.2937500907054129
