1 0.2331295882619204 2.496000000001 0.013503496331325856 0.00799626360529008
2 0.23612958826192038 3.524000000001 0.03819741493934012 0.016020775165547358
3 0.23912958826192038 4.269000000001 0.06824793226022778 0.023629187907719083
4 0.24212958826192038 4.866000000001001 0.10157425181690904 0.030852970246568804
5 0.24512958826192038 5.368000000001 0.13703403811363254 0.037731268090227345
6 0.2481295882619204 5.800000000001001 0.17369142124456255 0.04426248862546824
7 0.2511295882619204 6.181000000001 0.21122104927829452 0.05050843417288734
8 0.2541295882619204 6.5200000000010006 0.24908351787881536 0.05646545706391917
9 0.2571295882619204 6.824000000001001 0.28690678564857425 0.062142290180684685
10 0.2601295882619204 7.100000000001001 0.32463112368058306 0.06757985555872846
11 0.2631295882619204 7.352000000001 0.36207187559495413 0.07279050732108325
12 0.2661295882619204 7.583000000001 0.399061548165687 0.07778292667768215
13 0.2691295882619204 7.795000000001 0.43539769699482683 0.08255729616060406
14 0.2721295882619204 7.991000000001001 0.47112681385530036 0.08714092080259869
15 0.2751295882619204 8.173000000001 0.5062319872554832 0.09154898579016696
16 0.2781295882619204 8.342000000001 0.5405879652486544 0.09578150140087653
17 0.2811295882619204 8.500000000001 0.5742962603309335 0.09986251869162141
18 0.28412958826192036 8.647000000001 0.6071345776073948 0.10377791988554247
19 0.28712958826192037 8.785000000001 0.6392895301228002 0.10755764358324081
20 0.29012958826192037 8.914000000001 0.6705928650973262 0.11119154160266746
21 0.29312958826192037 9.036000000001 0.7013064530156197 0.11471416960479847
22 0.2961295882619204 9.150000000001 0.7310914803432874 0.11809624304675118
23 0.2991295882619204 9.258000000001001 0.7602597595852555 0.12137528995548395
24 0.3021295882619204 9.360000000001001 0.7887145718438484 0.12454590961341104
25 0.3051295882619204 9.456000000001 0.8163630138178519 0.12760312479226685
26 0.3081295882619204 9.546000000001001 0.8431162401136129 0.13054236536211955
27 0.3111295882619204 9.632000000001 0.8693706217400481 0.13340556274189916
28 0.3141295882619204 9.714000000001 0.8950701889474517 0.13618975750424983
29 0.3171295882619204 9.791000000001 0.9199124943436173 0.13886887584090135
30 0.3201295882619204 9.864000000001 0.9440868176468915 0.14146347523698558
31 0.3231295882619204 9.934000000001001 0.967799930044167 0.14399482475362502
32 0.3261295882619204 10.000000000001 0.9907560353366722 0.146437457357878
33 0.3291295882619204 10.064000000001 1.0134351872703191 0.14883696448776879
34 0.3321295882619204 10.124000000001 1.0352820987668936 0.15114438611774209
35 0.3351295882619204 10.181000000001001 1.056524113288335 0.15338201150125266
36 0.3381295882619204 10.235000000001001 1.077130751557696 0.15554857285835877
37 0.3411295882619204 10.287000000001001 1.0973473024686087 0.15766700336077458
38 0.3441295882619204 10.337000000001 1.1171540853680775 0.15973644495037823
39 0.34712958826192036 10.384000000001 1.1362526239705852 0.16173189403907567
40 0.35012958826192037 10.429000000001 1.1548993992035532 0.1636767303432887
41 0.35312958826192037 10.473000000001 1.1733616115389647 0.16559462073091344
42 0.35612958826192037 10.514000000001001 1.1910565071091717 0.16743638787580412
43 0.3591295882619204 10.553000000001001 1.2082504615108545 0.16922576438028805
44 0.3621295882619204 10.591000000001001 1.2252193879935496 0.17098670580505568
45 0.3651295882619204 10.627000000001 1.241662333771884 0.1726944096783841
46 0.3681295882619204 10.662000000001001 1.257860314523464 0.17437298017513594
47 0.3711295882619204 10.695000000001 1.2735093483573976 0.17599762257808513
48 0.3741295882619204 10.727000000001 1.2888952277141141 0.1775925682979698
49 0.3771295882619204 10.757000000001 1.3037112304704488 0.1791330378178197
50 0.3801295882619204 10.786000000001 1.3182476006942023 0.18064336993425514
51 0.3831295882619204 10.814000000001 1.3324982987991933 0.1821234006206057
52 0.3861295882619204 10.841000000001001 1.3464575388324886 0.18357298538436864
53 0.3891295882619204 10.867000000001001 1.3601197852302034 0.18499199844133626
54 0.3921295882619204 10.891000000001 1.3731722387569412 0.18635571231673176
55 0.3951295882619204 10.915000000001001 1.3862235290862297 0.18771327158695372
56 0.3981295882619204 10.937000000001001 1.3986526199285843 0.1890153626888091
57 0.4011295882619204 10.959000000001 1.4110739354384108 0.19031117728354402
58 0.4041295882619204 10.980000000001 1.4231743082027386 0.19157604704553854
59 0.4071295882619204 11.000000000001 1.4349496225492284 0.19280994115803746
60 0.41012958826192036 11.019000000001 1.4463959845999985 0.19401284191741772
61 0.41312958826192037 11.037000000001001 1.4575097176217022 0.1951847439756357
62 0.41612958826192037 11.055000000001 1.468604162917156 0.19635025105811568
63 0.41912958826192037 11.072000000001001 1.4793611744855761 0.19748476263850495
64 0.4221295882619204 11.088000000001001 1.489777557629495 0.19858830238407335
65 0.4251295882619204 11.104000000001001 1.5001699311397987 0.19968546601196324
66 0.4281295882619204 11.119000000001 1.510217581260337 0.20075170593235667
67 0.4311295882619204 11.133000000001001 1.5199177672338273 0.20178707059082598
68 0.4341295882619204 11.147000000001 1.529590030799443 0.20281613215641237
69 0.4371295882619204 11.160000000001 1.5389113988937015 0.20381440472599865
70 0.4401295882619204 11.173000000001 1.5482031479331204 0.20480643607473323
71 0.4431295882619204 11.185000000001 1.5571409192443264 0.20576778466047205
72 0.4461295882619204 11.196000000001 1.5657226233767745 0.20669853089934279
73 0.4491295882619204 11.207000000001 1.5742719336511133 0.20762317775797706
74 0.4521295882619204 11.218000000001 1.5827889059462696 0.20854175054130417
75 0.4551295882619204 11.228000000001 1.590946761830775 0.2094299051023552
76 0.4581295882619204 11.238000000001 1.5990712199505164 0.21031208651516287
77 0.4611295882619204 11.248000000001001 1.607162381894199 0.21118832406016494
78 0.4641295882619204 11.257000000001 1.6148918515377886 0.21203435329280193
79 0.4671295882619204 11.265000000001 1.6222581976823371 0.21285028414173937
80 0.4701295882619204 11.273000000001 1.6295895732667325 0.21366047182622316
81 0.47312958826192036 11.281000000001 1.6368861561466501 0.21446495186733353
82 0.47612958826192037 11.289000000001 1.644148124186046 0.21526375968654593
83 0.47912958826192037 11.296000000001001 1.6510448659775427 0.21603277497318218
84 0.48212958826192037 11.303000000001001 1.657906514082114 0.21679624872223527
85 0.4851295882619204 11.309000000001001 1.6644017144786318 0.2175301219438936
86 0.4881295882619204 11.315000000001 1.6708614957810164 0.21825859019621877
87 0.4911295882619204 11.321000000001 1.6772860960727547 0.21898169315642738
88 0.4941295882619204 11.327000000001 1.6836757521691101 0.21969947025217892
89 0.4971295882619204 11.332000000001 1.689697779023103 0.22038798809236132
90 0.5001295882619204 11.338000000001001 1.6960179303106007 0.22109526386234193
91 0.5031295882619203 11.342000000001 1.701636810359557 0.22174951658363526
92 0.5061295882619203 11.347000000001 1.707554332972665 0.22242260839172137
93 0.5091295882619203 11.351000000001001 1.7131034991154628 0.22306679702877694
94 0.5121295882619203 11.356000000001 1.7189523732767844 0.2237298404734819
95 0.5151295882619203 11.360000000001001 1.7244329102995777 0.2243641291951309
96 0.5181295882619203 11.363000000001 1.7295446868441033 0.22496980595627172
97 0.5211295882619204 11.367000000001001 1.7349572283419883 0.2255944263557047
98 0.5241295882619204 11.370000000001001 1.7400011553002335 0.22619058553886034
99 0.5271295882619204 11.373000000001001 1.7450114925866949 0.2267820648882335
100 0.5301295882619204 11.376000000001001 1.749988527326849 0.22736890541127194
101 0.5331295882619204 11.379000000001 1.7549325439716166 0.22795114772477543
102 0.5361295882619204 11.381000000001 1.7595080269968395 0.22850530229787472
103 0.5391295882619204 11.384000000001 1.7643866970115911 0.22907850515495784
104 0.5421295882619204 11.386000000001001 1.7688971171644363 0.22962377242321272
105 0.5451295882619204 11.388000000001 1.7733753774927874 0.23016467417551503
106 0.5481295882619204 11.390000000001 1.7778217677350108 0.23070125030978092
107 0.5511295882619204 11.391000000001 1.7819001799735403 0.23121019113839084
108 0.5541295882619204 11.393000000001 1.7862835857569166 0.23173827134055613
109 0.5571295882619204 11.394000000001 1.7902994068683193 0.23223886778821318
110 0.5601295882619204 11.396000000001 1.7946209745877713 0.23275860817190588
111 0.5631295882619204 11.397000000001 1.7985753608484054 0.23325101604893753
112 0.5661295882619204 11.398000000001 1.8024994257493898 0.23373940559623
113 0.5691295882619204 11.399000000001001 1.8063934543164417 0.23422381482884488
114 0.5721295882619204 11.400000000001 1.8102577284926062 0.23470428134882942
115 0.5751295882619204 11.400000000001 1.8137556096235472 0.235157790075327
116 0.5781295882619204 11.401000000001 1.817561168123476 0.23563052057100833
117 0.5811295882619204 11.401000000001 1.821000829945028 0.2360764419076956
118 0.5841295882619204 11.402000000001001 1.8247487826782178 0.23654158295715833
119 0.5871295882619204 11.402000000001001 1.8281313406372737 0.23698006282993567
120 0.5901295882619204 11.402000000001001 1.831485755298423 0.23741489449628617
121 0.5931295882619204 11.402000000001001 1.8348123003732764 0.23784611343735554
122 0.5961295882619204 11.402000000001001 1.8381112464681875 0.23827375473175624
123 0.5991295882619204 11.402000000001001 1.8413828611239687 0.2386978530607155
124 0.6021295882619204 11.401000000001 1.8442904337725927 0.23909573037513543
125 0.6051295882619204 11.401000000001 1.847508191557856 0.23951288384172043
126 0.6081295882619204 11.400000000001 1.8503624838855972 0.23990395962945768
127 0.6111295882619204 11.400000000001 1.853527433523635 0.24031430298477618
128 0.6141295882619204 11.399000000001001 1.8563294961777135 0.2406987110892645
129 0.6171295882619204 11.399000000001001 1.8594426624285991 0.24110237601272644
130 0.6201295882619204 11.398000000001 1.8621935218719878 0.2414802471998268
131 0.6231295882619204 11.397000000001 1.8649191840300767 0.24185491694881214
132 0.6261295882619204 11.396000000001 1.8676198997788915 0.2422264169550018
133 0.6291295882619203 11.395000000001 1.8702959170553295 0.2425947785436089
134 0.6321295882619203 11.394000000001 1.8729474808963817 0.2429600326746658
135 0.6351295882619203 11.393000000001 1.8755748334777833 0.2433222099478781
136 0.6381295882619203 11.391000000001 1.8778418209787608 0.24365908440651837
137 0.6411295882619203 11.390000000001 1.8804215369926573 0.24401523682902018
138 0.6441295882619203 11.389000000001001 1.8829777541563038 0.2443684021695103
139 0.6471295882619204 11.387000000001 1.8851745469463623 0.24469646741301385
140 0.6501295882619204 11.386000000001001 1.8876845353077043 0.24504378459113083
141 0.6531295882619204 11.385000000001 1.8901717124993522 0.24538820136258369
142 0.6561295882619204 11.383000000001001 1.8923004040166265 0.24570771838719827
143 0.6591295882619204 11.381000000001 1.8944069154764909 0.2460244672114346
144 0.6621295882619204 11.380000000001 1.8968271633984262 0.2463604286925531
145 0.6651295882619204 11.378000000001 1.8988898801808696 0.2466716867004381
146 0.6681295882619204 11.376000000001001 1.900931081011088 0.24698025867173684
147 0.6711295882619204 11.374000000001 1.9029509827011424 0.2472861713639785
148 0.6741295882619204 11.372000000001 1.9049497994810367 0.24758945121792159
149 0.6771295882619204 11.371000000001 1.9072628999493129 0.24791188888255947
150 0.6801295882619204 11.369000000001 1.9092200634686594 0.24820994366776405
151 0.6831295882619204 11.367000000001001 1.9111567677904924 0.24850544305207095
152 0.6861295882619204 11.365000000001 1.9130732172047689 0.24879841225464533
153 0.6891295882619204 11.363000000001 1.9149696135900631 0.24908887619874798
154 0.6921295882619204 11.360000000001001 1.9165115973803426 0.24935528258035194
155 0.6951295882619204 11.358000000001 1.9183686086234943 0.24964084718859814
156 0.6981295882619204 11.356000000001 1.9202061599724087 0.2499239795852385
157 0.7011295882619204 11.354000000001001 1.922024443946169 0.250204703546665
158 0.7041295882619204 11.352000000001 1.9238236508119912 0.250483042572831
159 0.7071295882619204 11.349000000001 1.9252700638683296 0.2507376290443682
160 0.7101295882619204 11.347000000001 1.92703181097893 0.25101130521895815
161 0.7131295882619204 11.345000000001 1.92877504003966 0.25128266533648014
162 0.7161295882619204 11.342000000001 1.9301664438972816 0.2515304518886948
163 0.7191295882619204 11.340000000001 1.9318733160484318 0.2517972845122294
164 0.7221295882619204 11.337000000001 1.9332290099057974 0.2520406609092694
165 0.7251295882619204 11.335000000001001 1.9349002398727193 0.25230305366481
166 0.7281295882619204 11.332000000001 1.9362209351113548 0.25254210645776526
167 0.7311295882619204 11.330000000001 1.9378572209730611 0.2528001449464887
168 0.7341295882619204 11.327000000001 1.9391436123141563 0.2530349586726875
169 0.7371295882619204 11.325000000001001 1.9407456359508903 0.25328872652507817
170 0.7401295882619204 11.322000000001001 1.9419984019048102 0.2535193837621557
171 0.7431295882619204 11.319000000001001 1.943234684541451 0.25374801087133847
172 0.7461295882619204 11.317000000001 1.9447866327343732 0.25399554410885183
173 0.7491295882619204 11.314000000001 1.9459902792923838 0.25422013500347906
174 0.7521295882619203 11.311000000001 1.947177929993706 0.254442754814147
175 0.7551295882619203 11.309000000001001 1.9486812532483275 0.25468423095302584
176 0.7581295882619203 11.306000000001001 1.9498372229482575 0.25490293069282943
177 0.7611295882619203 11.303000000001001 1.9509776673697257 0.2551197163615611
178 0.7641295882619203 11.300000000001 1.9521027400083772 0.2553346065119359
179 0.7671295882619203 11.297000000001 1.9532125925682686 0.2555476194819745
180 0.7701295882619204 11.295000000001 1.9546380667992524 0.2557794034224474
181 0.7731295882619204 11.292000000001 1.955717758826405 0.25598868109822226
182 0.7761295882619204 11.289000000001 1.956782674653183 0.2561961353961774
183 0.7791295882619204 11.286000000001 1.9578329590765535 0.25640178382516876
184 0.7821295882619204 11.283000000001 1.9588687552189767 0.25660564369331834
185 0.7851295882619204 11.280000000001001 1.9598902045509348 0.2568077321106999
186 0.7881295882619204 11.277000000001001 1.9608974469129137 0.25700806599195597
187 0.7911295882619204 11.274000000001001 1.9618906205373152 0.25720666205891113
188 0.7941295882619204 11.271000000001 1.9628698620698048 0.2574035368431143
189 0.7971295882619204 11.268000000001 1.963835306590503 0.2575987066883655
190 0.8001295882619204 11.265000000001 1.9647870876347742 0.25779218775319346
191 0.8031295882619204 11.262000000001 1.965725337213725 0.2579839960132989
192 0.8061295882619204 11.259000000001 1.9666501858343792 0.2581741472639597
193 0.8091295882619204 11.256000000001 1.967561762519599 0.2583626571224061
194 0.8121295882619204 11.253000000001 1.968460194827619 0.2585495410301491
195 0.8151295882619204 11.250000000001 1.969345608871408 0.25873481425529016
196 0.8181295882619204 11.247000000001 1.9702181293376158 0.2589184918947796
197 0.8211295882619204 11.244000000001 1.9710778795053574 0.25910058887665777
198 0.8241295882619204 11.241000000001 1.971924981264584 0.2592811199622447
199 0.8271295882619204 11.238000000001 1.9727595551343466 0.2594600997483201
200 0.8301295882619204 11.235000000001001 1.9735817202806374 0.25963754266925076
201 0.8331295882619204 11.232000000001001 1.9743915945340331 0.259813462999095
202 0.8361295882619204 11.229000000001001 1.9751892944071183 0.25998787485368247
203 0.8391295882619204 11.226000000001001 1.9759749351115488 0.26016079219264876
204 0.8421295882619204 11.223000000001 1.976748630574974 0.2603322288214557
205 0.8451295882619204 11.219000000001001 1.9771841866644986 0.2604824291199632
206 0.8481295882619204 11.216000000001001 1.9779345094928307 0.26065097874235454
207 0.8511295882619204 11.213000000001001 1.9786732216300318 0.2608180880954906
208 0.8541295882619204 11.210000000001001 1.9794004320185246 0.26098377038709347
209 0.8571295882619204 11.207000000001 1.9801162483976482 0.26114803868035846
210 0.8601295882619204 11.204000000001 1.980820777319096 0.26131090589579714
211 0.8631295882619204 11.201000000001 1.981514124162194 0.26147238481306284
212 0.8661295882619204 11.197000000001001 1.9818713704326398 0.2616129504041771
213 0.8691295882619204 11.194000000001001 1.9825428475767206 0.261771723608622
214 0.8721295882619204 11.191000000001 1.9832034521159192 0.26192914595268696
215 0.8751295882619204 11.188000000001 1.9838532848763353 0.2620852296697483
216 0.8781295882619203 11.185000000001 1.9844924455846997 0.2622399868610311
217 0.8811295882619203 11.181000000001001 1.9847969369044507 0.2623740544342768
218 0.8841295882619203 11.178000000001001 1.9854152322308758 0.2625262270807103
219 0.8871295882619203 11.175000000001 1.986023148394949 0.2626771086528444
220 0.8901295882619203 11.172000000001 1.9866207808530165 0.2628267107393284
221 0.8931295882619203 11.169000000001 1.9872082240299433 0.26297504480476264
222 0.8961295882619204 11.165000000001001 1.987462405945991 0.2631029078215973
223 0.8991295882619204 11.162000000001001 1.988029934322642 0.26324877208843733
224 0.9021295882619204 11.159000000001 1.9885875507511992 0.26339340192160243
225 0.9051295882619204 11.156000000001 1.989135345649091 0.26353680830445986
226 0.9081295882619204 11.152000000001001 1.9893509913904794 0.2636599144491608
227 0.9111295882619204 11.149000000001001 1.9898795955301622 0.26380093844094965
228 0.9141295882619204 11.146000000001 1.9903986437126746 0.2639407711606143
229 0.9171295882619204 11.143000000001 1.9909082225453656 0.2640794231338177
230 0.9201295882619204 11.139000000001001 1.991086749972116 0.2641979425632145
231 0.9231295882619204 11.136000000001001 1.9915778313931978 0.2643342958842994
232 0.9261295882619204 11.133000000001001 1.9920596978563323 0.2644694992966912
233 0.9291295882619204 11.130000000001 1.9925324323449942 0.2646035628905525
234 0.9321295882619204 11.126000000001001 1.9926751990535934 0.26471765859436547
235 0.9351295882619204 11.123000000001001 1.9931301002884176 0.2648495037853795
236 0.9381295882619204 11.120000000001001 1.993576113304821 0.2649802387201896
237 0.9411295882619204 11.117000000001001 1.9940133176383967 0.26510987307445316
238 0.9441295882619204 11.113000000001 1.99412162392085 0.26521970122519994
239 0.9471295882619204 11.110000000001001 1.9945416313924174 0.2653471941052119
240 0.9501295882619204 11.107000000001001 1.994953063816998 0.2654736147529621
241 0.9531295882619204 11.104000000001001 1.9953559974485844 0.26559897244944575
242 0.9561295882619204 11.100000000001 1.9954310890872429 0.2657046827330197
243 0.9591295882619204 11.097000000001 1.9958174358271408 0.26582797272290626
244 0.9621295882619204 11.094000000001001 1.9961955077769273 0.2659502269538105
245 0.9651295882619204 11.091000000001001 1.9965653780662551 0.26607145433083906
246 0.9681295882619204 11.087000000001 1.9966084489745006 0.26617319025894126
247 0.9711295882619204 11.084000000001 1.9969623171915722 0.2662924206870959
248 0.9741295882619204 11.081000000001 1.997308198578854 0.2664106503525608
249 0.9771295882619204 11.078000000001001 1.9976461632902458 0.2665278878022964
250 0.9801295882619204 11.074000000001 1.9976583580083174 0.26662578700780665
251 0.9831295882619204 11.071000000001 1.9979808815175315 0.2667410953993046
252 0.9861295882619204 11.068000000001 1.9982956944450327 0.26685543661709726
253 0.9891295882619204 11.065000000001 1.998602864109637 0.2669688188668034
254 0.9921295882619204 11.061000000001 1.9985852801646287 0.26706301338315336
255 0.9951295882619204 11.058000000001 1.9988775466841804 0.26717453173331085
256 0.9981295882619204 11.055000000001 1.9991623677107582 0.2672851151573968
257 1.0011295882619204 11.052000000001 1.9994398078612439 0.26739477153559943
258 1.0041295882619203 11.048000000001 1.9993934979993213 0.26748538806108835
259 1.0071295882619204 11.045000000001 1.9996565513241833 0.26759324309439103
260 1.0101295882619203 11.042000000001 1.9999124136088229 0.267700194170357
261 1.0131295882619205 11.039000000001 2.0001611468941136 0.26780624885879517
262 1.0161295882619203 11.036000000001 2.000402812596951 0.26791141465417695
263 1.0191295882619205 11.032000000001 2.000321963251983 0.2679977224220254
264 1.0221295882619204 11.029000000001 2.000549858583169 0.2681011616289194
265 1.0251295882619205 11.026000000001 2.00077086677052 0.2682037339011485
266 1.0281295882619204 11.023000000001 2.000985046803027 0.2683054464405207
267 1.0311295882619205 11.019000000001 2.000877687442464 0.268388443139393
268 1.0341295882619204 11.016000000001 2.001078568160066 0.2684884862188284
269 1.0371295882619205 11.013000000001 2.0012727940310198 0.2685876906662448
270 1.0401295882619204 11.010000000001 2.001460421727998 0.26868606340413503
271 1.0431295882619205 11.006000000001 2.001327473587098 0.26876586005285485
272 1.0461295882619204 11.003000000001 2.001502254402739 0.26886261822607643
273 1.0491295882619205 11.000000000001 2.0016706035493104 0.2689585649721131
274 1.0521295882619204 10.997000000001 2.001832575488874 0.2690537069467916
275 1.0551295882619205 10.994000000001 2.001988224147519 0.2691480507411469
276 1.0581295882619204 10.990000000001 2.001824482974103 0.2692239903779405
277 1.0611295882619205 10.987000000001 2.0019678255009743 0.2693167852811164
278 1.0641295882619204 10.984000000001 2.0021050031842185 0.2694088013149694
279 1.0671295882619203 10.981000000001 2.002236067863745 0.2695000448187679
280 1.0701295882619204 10.978000000001 2.0023610708734867 0.2695905220705867
281 1.0731295882619203 10.975000000001 2.0024800630472197 0.2696802392880077
282 1.0761295882619204 10.971000000001 2.002281063412318 0.26975175437635707
283 1.0791295882619203 10.968000000001 2.002388364008627 0.2698399974077435
284 1.0821295882619204 10.965000000001 2.0024898031219682 0.26992749862121435
285 1.0851295882619203 10.962000000001 2.002585429638698 0.27001426399920964
286 1.0881295882619204 10.959000000001 2.002675291972677 0.27010029946699465
287 1.0911295882619203 10.955000000001 2.0024483092509526 0.2701682969314682
288 1.0941295882619204 10.952000000001 2.0025269650854276 0.27025291719842787
289 1.0971295882619203 10.949000000001 2.0025999989809686 0.27033682491492944
290 1.1001295882619204 10.946000000001 2.002667457511703 0.27042002578400165
291 1.1031295882619203 10.943000000001 2.0027293868053233 0.27050252545462866
292 1.1061295882619204 10.940000000001 2.0027858325480086 0.27058432952234057
293 1.1091295882619203 10.937000000001001 2.002836839989333 0.27066544352980365
294 1.1121295882619204 10.933000000001 2.002572576410807 0.27072874457207685
295 1.1151295882619203 10.930000000001 2.0026130181715245 0.2708085213948237
296 1.1181295882619204 10.927000000001 2.0026481545774244 0.2708876243956217
297 1.1211295882619203 10.924000000001 2.002678029177807 0.27096605891162767
298 1.1241295882619204 10.921000000001001 2.002702685109114 0.2710438302299872
299 1.1271295882619203 10.918000000001001 2.0027221650995535 0.2711209435883916
300 1.1301295882619204 10.915000000001001 2.0027365114735143 0.27119740417560806
301 1.1331295882619203 10.912000000001001 2.0027457661560972 0.2712732171320263
302 1.1361295882619205 10.908000000001 2.0024415079500177 0.27133146684143766
303 1.1391295882619203 10.905000000001001 2.0024408784116274 0.2714060256602525
304 1.1421295882619205 10.902000000001001 2.0024352803592644 0.27147995190733204
305 1.1451295882619204 10.899000000001001 2.0024247541624294 0.27155325053491874
306 1.1481295882619205 10.896000000001 2.0024093398127563 0.2716259264494516
307 1.1511295882619204 10.893000000001 2.0023890769281225 0.2716979845120607
308 1.1541295882619205 10.890000000001 2.002364004756704 0.2717694295390555
309 1.1571295882619204 10.887000000001 2.002334162181041 0.2718402663024146
310 1.1601295882619205 10.884000000001 2.002299587721924 0.2719104995302527
311 1.1631295882619204 10.881000000001 2.0022603195424056 0.27198013390730497
312 1.1661295882619205 10.878000000001 2.002216395451608 0.2720491740753846
313 1.1691295882619204 10.875000000001 2.0021678529085727 0.2721176246338466
314 1.1721295882619205 10.871000000001 2.0018083551628183 0.2721688728492035
315 1.1751295882619204 10.868000000001 2.0017508585991615 0.2722361827996398
316 1.1781295882619205 10.865000000001 2.00168885363517 0.2723029166133934
317 1.1811295882619204 10.862000000001 2.0016223763656793 0.2723690787246653
318 1.1841295882619205 10.859000000001 2.00155146255388 0.27243467352741574
319 1.1871295882619204 10.856000000001 2.0014761476349086 0.2724997053757975
320 1.1901295882619203 10.853000000001 2.001396466719276 0.27256417858456816
321 1.1931295882619204 10.850000000001 2.0013124545964365 0.2726280974295214
322 1.1961295882619203 10.847000000001 2.00122414573811 0.2726914661478859
323 1.1991295882619204 10.844000000001001 2.0011315743017195 0.2727542889387407
324 1.2021295882619203 10.841000000001001 2.001034774133711 0.27281656996341497
325 1.2051295882619204 10.838000000001001 2.000933778772855 0.2728783133458858
326 1.2081295882619203 10.835000000001001 2.000828621453486 0.27293952317316866
327 1.2111295882619204 10.832000000001 2.000719335108739 0.273000203495708
328 1.2141295882619203 10.829000000001 2.0006059523737463 0.27306035832776226
329 1.2171295882619204 10.826000000001 2.0004885055887307 0.2731199916477766
330 1.2201295882619203 10.823000000001 2.0003670268021416 0.27317910739876156
331 1.2231295882619204 10.820000000001 2.000241547773706 0.27323770948866033
332 1.2261295882619203 10.817000000001 2.0001120999774726 0.27329580179071644
333 1.2291295882619204 10.814000000001 1.9999787146048036 0.27335338814383425
334 1.2321295882619203 10.811000000001 1.9998414225672987 0.2734104723529312
335 1.2351295882619204 10.808000000001 1.9997002544997526 0.27346705818929534
336 1.2381295882619203 10.805000000001 1.9995552407630286 0.2735231493909311
337 1.2411295882619204 10.802000000001 1.9994064114469035 0.273578749662903
338 1.2441295882619203 10.799000000001 1.9992537963729027 0.27363386267767753
339 1.2471295882619204 10.796000000001001 1.9990974250970643 0.2736884920754565
340 1.2501295882619203 10.793000000001001 1.9989373269127007 0.27374264146450994
341 1.2531295882619204 10.790000000001001 1.9987735308531227 0.2737963144215058
342 1.2561295882619203 10.788000000001 1.9989077289665005 0.2738654599974091
343 1.2591295882619205 10.785000000001 1.9987364590218748 0.2739181677377162
344 1.2621295882619203 10.782000000001 1.998561577052151 0.2739704096588707
345 1.2651295882619205 10.779000000001 1.9983831110775394 0.27402218921411947
346 1.2681295882619203 10.776000000001 1.998201088871358 0.27407350982669126
347 1.2711295882619205 10.773000000001 1.9980155379625388 0.2741243748900985
348 1.2741295882619204 10.770000000001 1.9978264856381098 0.2741747877684367
349 1.2771295882619205 10.767000000001001 1.997633958945736 0.27422475179669203
350 1.2801295882619204 10.764000000001001 1.997437984696114 0.2742742702810301
351 1.2831295882619205 10.761000000001001 1.997238589465378 0.27432334649908546
352 1.2861295882619204 10.758000000001001 1.9970357995975212 0.2743719837002553
353 1.2891295882619205 10.756000000001 1.997129518731527 0.27443587960597565
354 1.2921295882619204 10.753000000001 1.9969198566124646 0.27448362620362415
355 1.2951295882619205 10.750000000001 1.9967068778057766 0.27453094343298423
356 1.2981295882619204 10.747000000001 1.9964906077503233 0.27457783443309697
357 1.3011295882619205 10.744000000001 1.9962710716643497 0.2746243023161598
358 1.3041295882619204 10.741000000001 1.9960482945476645 0.2746703501677887
359 1.3071295882619205 10.738000000001 1.9958223011838672 0.2747159810472876
360 1.3101295882619204 10.736000000001 1.9958918767918694 0.27477673620002674
361 1.3131295882619205 10.733000000001 1.9956593653300139 0.2748215204680597
362 1.3161295882619204 10.730000000001 1.9954237109842317 0.274865896852151
363 1.3191295882619203 10.727000000001 1.995184937694836 0.27490986830874015
364 1.3221295882619204 10.724000000001 1.9949430691965027 0.2749534377692326
365 1.3251295882619203 10.721000000001 1.9946981290203527 0.27499660814025223
366 1.3281295882619204 10.719000000001001 1.9947479554793046 0.2750547888092609
367 1.3311295882619203 10.716000000001001 1.9944967843458108 0.2750971482728859
368 1.3341295882619204 10.713000000001001 1.9942426112152758 0.27513911728496426
369 1.3371295882619203 10.710000000001001 1.993985458824694 0.27518069865521266
370 1.3401295882619204 10.707000000001 1.9937253497173955 0.2752218951697627
371 1.3431295882619203 10.705000000001 1.9937593416742005 0.2752780077505376
372 1.3461295882619204 10.702000000001 1.9934932300302022 0.2753184217884964
373 1.3491295882619203 10.699000000001 1.9932242284451496 0.27535845925322194
374 1.3521295882619204 10.696000000001 1.992952358706675 0.2753981228385977
375 1.3551295882619203 10.693000000001 1.992677642418131 0.27543741521605836
376 1.3581295882619204 10.691000000001 1.9926963638940476 0.275491530441378
377 1.3611295882619203 10.688000000001 1.9924158640416252 0.2755300676130377
378 1.3641295882619204 10.685000000001 1.9921325816495843 0.2755682415207881
379 1.3671295882619203 10.682000000001 1.9918465376019177 0.275606054748223
380 1.3701295882619204 10.680000000001 1.9918534033950344 0.2756586165468363
381 1.3731295882619203 10.677000000001 1.9915617445755152 0.2756956956118532
382 1.3761295882619204 10.674000000001 1.9912673859941243 0.2757324216812829
383 1.3791295882619203 10.671000000001001 1.9909703478431242 0.2757687972542316
384 1.3821295882619204 10.669000000001 1.9909656932867266 0.2758198477730812
385 1.3851295882619203 10.666000000001 1.9906632036190344 0.2758555095461084
386 1.3881295882619205 10.663000000001 1.990358094239698 0.2758908282579509
387 1.3911295882619203 10.660000000001 1.9900503846756603 0.27592580632643293
388 1.3941295882619205 10.658000000001 1.9900345342377008 0.275975386366868
389 1.3971295882619204 10.655000000001001 1.9897215310855838 0.27600967034271534
390 1.4001295882619205 10.652000000001001 1.989405985648258 0.276043620870476
391 1.4031295882619204 10.650000000001 1.9893819083196023 0.27609211852747956
392 1.4061295882619205 10.647000000001 1.9890611845051573 0.27612538935782516
393 1.4091295882619204 10.644000000001 1.9887379748847276 0.2761583337611245
394 1.4121295882619205 10.641000000001 1.9884122978810066 0.2761909540202069
395 1.4151295882619204 10.639000000001001 1.9883775678311582 0.2762380495735472
396 1.4181295882619205 10.636000000001001 1.9880468615360625 0.27627000875397995
397 1.4211295882619204 10.633000000001001 1.9877137425058162 0.27630165058672657
398 1.4241295882619205 10.631000000001 1.9876711819652049 0.2763477137252958
399 1.4271295882619204 10.628000000001 1.9873331424399667 0.276378708084196
400 1.4301295882619205 10.625000000001 1.9869927434993209 0.27640939172890355
401 1.4331295882619204 10.623000000001001 1.9869425157268317 0.2764544430564172
402 1.4361295882619205 10.620000000001001 1.9865973024661085 0.2764844925088017
403 1.4391295882619204 10.617000000001001 1.9862497818186 0.276514237721996
404 1.4421295882619203 10.615000000001 1.9861920461912463 0.2765582973595965
405 1.4451295882619204 10.612000000001 1.9858398148502368 0.27658742134766584
406 1.4481295882619203 10.610000000001001 1.9857771131645905 0.27663082374163345
407 1.4511295882619204 10.607000000001001 1.9854202390163367 0.276659335016954
408 1.4541295882619203 10.604000000001001 1.985061141517636 0.27668755252316063
409 1.4571295882619204 10.602000000001 1.9849911895302563 0.2767299957833474
410 1.4601295882619203 10.599000000001 1.984627548759275 0.2767576130388725
411 1.4631295882619204 10.596000000001 1.9842617333963748 0.2767849425985812
412 1.4661295882619203 10.594000000001001 1.9841846806478525 0.2768264456223119
413 1.4691295882619204 10.591000000001001 1.983814419183096 0.2768531871016011
414 1.4721295882619203 10.589000000001 1.9837326671339859 0.27689406667284644
415 1.4751295882619204 10.586000000001 1.983358023247086 0.2769202280639323
416 1.4781295882619203 10.583000000001 1.9829812835535978 0.2769461115836788
417 1.4811295882619204 10.581000000001 1.9828926724964078 0.2769860815069116
418 1.4841295882619203 10.578000000001001 1.9825116437530164 0.27701139663956525
419 1.4871295882619204 10.576000000001 1.9824184918560654 0.27705076320503325
420 1.4901295882619203 10.573000000001 1.9820332352670813 0.27707551763650723
421 1.4931295882619204 10.571000000001 1.9819356043040368 0.277114288690403
422 1.4961295882619203 10.568000000001 1.98154618011469 0.2771384899877922
423 1.4991295882619204 10.565000000001 1.9811547653147519 0.2771624265441197
424 1.5021295882619203 10.563000000001 1.9810505984202402 0.27720032887080165
425 1.5051295882619204 10.560000000001 1.9806551043597636 0.2772237233721464
426 1.5081295882619203 10.558000000001 1.9805466084477599 0.27726104923123013
427 1.5111295882619205 10.555000000001 1.9801470930503504 0.27728390895728366
428 1.5141295882619203 10.553000000001001 1.980034326634278 0.2773206657872106
429 1.5171295882619205 10.550000000001 1.9796308469237915 0.27734299790614647
430 1.5201295882619204 10.548000000001 1.9795138676225972 0.2773791930333671
431 1.5231295882619205 10.545000000001 1.9791064797392468 0.2774010046038235
432 1.5261295882619204 10.543000000001001 1.9789853442933478 0.2774366452447786
433 1.5291295882619205 10.540000000001001 1.978574103509517 0.2774579432178055
434 1.5321295882619204 10.538000000001 1.9784488677963243 0.2774930364808533
435 1.5351295882619205 10.535000000001 1.9780338285321073 0.27751382770182687
436 1.5381295882619204 10.533000000001 1.9779045475813433 0.2775483805891466
437 1.5411295882619205 10.530000000001001 1.9774857634196645 0.27756867179963096
438 1.5441295882619204 10.528000000001 1.9773524914282938 0.27760269120907755
439 1.5471295882619205 10.525000000001 1.9769300151298421 0.27762248904866466
440 1.5501295882619204 10.523000000001 1.976792805476716 0.2776559817755881
441 1.5531295882619205 10.520000000001 1.9763666889944589 0.27767529278368525
442 1.5561295882619204 10.518000000001 1.9762255942547102 0.2777082655227199
443 1.5591295882619205 10.515000000001 1.975795888748189 0.27772709614031127
444 1.5621295882619204 10.513000000001 1.9756509607072616 0.2777595554871189
445 1.5651295882619203 10.510000000001 1.9752177165565719 0.2777779120584877
446 1.5681295882619204 10.508000000001001 1.9750690062240333 0.2778098645114747
447 1.5711295882619203 10.505000000001 1.9746322730435475 0.2778277532858947
448 1.5741295882619204 10.503000000001 1.974479830666582 0.27785920524788915
449 1.5771295882619203 10.500000000001 1.9740396573183634 0.2778766323812773
450 1.5801295882619204 10.498000000001001 1.9738835323950459 0.27790759016117966
451 1.5831295882619203 10.496000000001 1.97372551898304 0.2779382938036982
452 1.5861295882619204 10.493000000001 1.9732802082942271 0.27795503153210716
453 1.5891295882619203 10.491000000001 1.9731185854512319 0.2779852503330089
454 1.5921295882619204 10.488000000001 1.9726699537992616 0.27800154146055467
455 1.5951295882619203 10.486000000001 1.9725047692059205 0.2780312815005643
456 1.5981295882619204 10.483000000001 1.972052862920708 0.27804713186863367
457 1.6011295882619203 10.481000000001 1.9718841635528284 0.2780763991400567
458 1.6041295882619204 10.479000000001001 1.9717136594998075 0.27810542303680386
459 1.6071295882619203 10.476000000001001 1.9712568604098477 0.27812061491196466
460 1.6101295882619204 10.474000000001 1.9710829109925376 0.2781491749146318
461 1.6131295882619203 10.471000000001 1.970622950330841 0.2781639403064981
462 1.6161295882619204 10.469000000001001 1.9704456008145772 0.27819204219253957
463 1.6191295882619203 10.467000000001 1.9702665039188123 0.2782199080716177
464 1.6221295882619204 10.464000000001 1.9698018175157466 0.2782340361101062
465 1.6251295882619203 10.462000000001 1.969619387417994 0.27826145243075356
466 1.6281295882619204 10.460000000001001 1.9694352433792006 0.2782886370493122
467 1.6311295882619203 10.457000000001 1.9689659286665926 0.2783021400775815
468 1.6341295882619205 10.455000000001 1.9687785168651375 0.2783288835122694
469 1.6371295882619203 10.452000000001 1.9683062129884035 0.27834198184840875
470 1.6401295882619205 10.450000000001001 1.968115576100666 0.2783682895512544
471 1.6431295882619203 10.448000000001 1.9679232793309596 0.27839437250898297
472 1.6461295882619205 10.445000000001 1.9674465045385097 0.2784068657684594
473 1.6491295882619204 10.443000000001 1.967251045774515 0.278432521073319
474 1.6521295882619205 10.441000000001 1.9670539586834919 0.27845795569939397
475 1.6551295882619204 10.438000000001 1.9665728047991935 0.2784698555253026
476 1.6581295882619205 10.436000000001 1.966372617443974 0.2784948704058134
477 1.6611295882619204 10.434000000001001 1.9661708326423053 0.27851966858839106
478 1.6641295882619205 10.431000000001001 1.9656853894831916 0.27853098637311696
479 1.6671295882619204 10.429000000001 1.9654805648195173 0.27855537255001894
480 1.6701295882619205 10.427000000001 1.9652741729323635 0.2785795459264639
481 1.6731295882619204 10.424000000001 1.9647845283590506 0.2785902928179404
482 1.6761295882619205 10.422000000001 1.964575155717216 0.2786140617653143
483 1.6791295882619204 10.420000000001 1.9643642454335184 0.27863762172837475
484 1.6821295882619205 10.418000000001001 1.9641518073042858 0.278660973976601
485 1.6851295882619204 10.415000000001001 1.9636566522053975 0.27867097158749454
486 1.6881295882619205 10.413000000001 1.9634413103258095 0.2786939292913093
487 1.6911295882619204 10.411000000001 1.9632244693512397 0.27871668299091856
488 1.6941295882619203 10.408000000001 1.9627253107470628 0.27872613484656344
489 1.6971295882619204 10.406000000001 1.962505622230501 0.27874850121249617
490 1.7001295882619203 10.404000000001 1.962284462764328 0.2787706672080691
491 1.7031295882619204 10.402000000001001 1.9620618416729867 0.27879263404263194
492 1.7061295882619203 10.399000000001001 1.961557430347201 0.2788013694063392
493 1.7091295882619204 10.397000000001 1.9613320349614485 0.27882295831721193
494 1.7121295882619203 10.395000000001 1.9611052053114824 0.2788443516012786
495 1.7151295882619204 10.393000000001 1.9608769504639243 0.2788655504350085
496 1.7181295882619203 10.390000000001 1.9603674281156807 0.27887358734679984
497 1.7211295882619204 10.388000000001 1.9601364701696329 0.2788944174073998
498 1.7241295882619203 10.386000000001001 1.959904113627821 0.2789150564554112
499 1.7271295882619204 10.384000000001 1.9596703673073759 0.27893550563547725
500 1.7301295882619203 10.381000000001 1.9591558716219604 0.2789428616320358
501 1.7331295882619204 10.379000000001 1.9589194914134989 0.27896295093841406
502 1.7361295882619203 10.377000000001 1.958681747293496 0.27898285372121334
503 1.7391295882619204 10.375000000001 1.9584426478374846 0.27900257109424736
504 1.7421295882619203 10.372000000001 1.9579233126165683 0.27900926322514763
505 1.7451295882619204 10.370000000001001 1.9576816465614433 0.279028629380837
506 1.7481295882619203 10.368000000001 1.957438650326157 0.2790478133807068
507 1.7511295882619204 10.366000000001 1.9571943322523286 0.2790668163087132
508 1.7541295882619203 10.364000000001 1.9569487006242376 0.2790856392414721
509 1.7571295882619204 10.361000000001 1.9564234682952593 0.27909152128367676
510 1.7601295882619203 10.359000000001 1.9561753516797848 0.2791100035098108
511 1.7631295882619205 10.357000000001001 1.955925945808139 0.27912830888549944
512 1.7661295882619203 10.355000000001 1.9556752587398767 0.2791464384586635
513 1.7691295882619205 10.353000000001 1.9554232984794129 0.27916439327016185
514 1.7721295882619204 10.350000000001 1.9548923657253456 0.27916949033869526
515 1.7751295882619205 10.348000000001 1.9546379992954432 0.27918711460024725
516 1.7781295882619204 10.346000000001 1.9543823831474252 0.27920456714005243
517 1.7811295882619205 10.344000000001001 1.9541255250698057 0.2792218489713924
518 1.7841295882619204 10.342000000001 1.953867432798085 0.2792389611007561
519 1.7871295882619205 10.340000000001 1.9536081140151151 0.27925590452788546
520 1.7901295882619204 10.337000000001 1.9530705671908821 0.2792600888511283
521 1.7931295882619205 10.335000000001001 1.9528089333720775 0.2792767134841463
522 1.7961295882619204 10.333000000001 1.9525460955695084 0.2792931723342724
523 1.7991295882619205 10.331000000001 1.9522820612601894 0.27930946637494697
524 1.8021295882619204 10.329000000001 1.9520168378705696 0.2793255965731283
525 1.8051295882619205 10.327000000001 1.9517504327769089 0.2793415638893406
526 1.8081295882619204 10.324000000001 1.9512065345936749 0.27934486907925404
527 1.8111295882619205 10.322000000001001 1.9509379019112099 0.2793605288893441
528 1.8141295882619204 10.320000000001 1.9506681091494618 0.27937602862177496
529 1.8171295882619203 10.318000000001 1.950397163488358 0.2793913692119736
530 1.8201295882619204 10.316000000001 1.950125072059554 0.2794065515891763
531 1.8231295882619203 10.314000000001 1.9498518419468311 0.2794215766764795
532 1.8261295882619204 10.312000000001001 1.9495774801864647 0.2794364453908865
533 1.8291295882619203 10.310000000001 1.9493019937676075 0.2794511586433569
534 1.8321295882619204 10.308000000001 1.9490253896326564 0.279465717338853
535 1.8351295882619203 10.305000000001 1.9484723762093181 0.2794677573751771
536 1.8381295882619204 10.303000000001001 1.9481936693217548 0.2794820247034721
537 1.8411295882619203 10.301000000001 1.947913865065408 0.2794961401161375
538 1.8441295882619204 10.299000000001 1.9476329701996369 0.2795101044947243
539 1.8471295882619203 10.297000000001 1.9473509914387601 0.27952391871500304
540 1.8501295882619204 10.295000000001 1.9470679354524818 0.27953758364701964
541 1.8531295882619203 10.293000000001001 1.9467838088661826 0.2795511001551317
542 1.8561295882619204 10.291000000001 1.946498618261304 0.2795644690980577
543 1.8591295882619203 10.289000000001 1.9462123701756324 0.279577691328913
544 1.8621295882619204 10.287000000001001 1.945925071103688 0.2795907676952597
545 1.8651295882619203 10.285000000001 1.9456367274969901 0.27960369903913973
546 1.8681295882619204 10.282000000001 1.9450732712230436 0.27960428273828525
547 1.8711295882619203 10.280000000001001 1.9447829675582835 0.279616941187952
548 1.8741295882619204 10.278000000001 1.9444916382611572 0.27962945707201253
549 1.8771295882619203 10.276000000001 1.9441992896150595 0.2796418312109905
550 1.8801295882619204 10.274000000001001 1.9439059278620396 0.27965406442010016
551 1.8831295882619203 10.272000000001 1.9436115592031196 0.2796661575092874
552 1.8861295882619205 10.270000000001 1.9433161897985558 0.27967811128326214
553 1.8891295882619203 10.268000000001 1.9430198257682543 0.27968992654155295
554 1.8921295882619205 10.266000000001 1.9427224731919412 0.27970160407852657
555 1.8951295882619204 10.264000000001001 1.942424138109594 0.2797131446834449
556 1.8981295882619205 10.262000000001 1.9421248265216375 0.27972454914048867
557 1.9011295882619204 10.260000000001 1.9418245443892985 0.27973581822880283
558 1.9041295882619205 10.258000000001001 1.941523297634926 0.27974695272253863
559 1.9071295882619204 10.256000000001 1.9412210921422066 0.2797579533908791
560 1.9101295882619205 10.254000000001 1.9409179337565154 0.27976882099808514
561 1.9131295882619204 10.252000000001 1.9406138282851717 0.2797795563035275
562 1.9161295882619205 10.250000000001 1.9403087814977613 0.27979016006172847
563 1.9191295882619204 10.248000000001001 1.9400027991263789 0.27980063302239216
564 1.9221295882619205 10.246000000001 1.9396958868659349 0.27981097593044396
565 1.9251295882619204 10.244000000001 1.9393880503744123 0.27982118952606305
566 1.9281295882619205 10.242000000001001 1.9390792952731672 0.27983127454472106
567 1.9311295882619204 10.240000000001 1.938769627147191 0.27984123171721537
568 1.9341295882619205 10.238000000001 1.938459051545376 0.27985106176970287
569 1.9371295882619204 10.236000000001 1.9381475739807763 0.279860765423733
570 1.9401295882619203 10.234000000001 1.9378351999309158 0.2798703433962879
571 1.9431295882619204 10.232000000001001 1.9375219348379813 0.27987979639980576
572 1.9461295882619203 10.230000000001 1.9372077841091777 0.2798891251422276
573 1.9491295882619204 10.228000000001 1.9368927531168942 0.2798983303270171
574 1.9521295882619203 10.226000000001001 1.9365768471990177 0.2799074126532014
575 1.9551295882619204 10.224000000001 1.9362600716591862 0.2799163728154033
576 1.9581295882619203 10.222000000001 1.9359424317670109 0.2799252115038694
577 1.9611295882619204 10.220000000001 1.9356239327583566 0.27993392940450573
578 1.9641295882619203 10.218000000001 1.935304579835577 0.2799425271989084
579 1.9671295882619204 10.216000000001001 1.9349843781677727 0.27995100556439595
580 1.9701295882619203 10.214000000001 1.934663332891028 0.27995936517403974
581 1.9731295882619204 10.212000000001 1.934341449108627 0.2799676066966913
582 1.9761295882619203 10.210000000001001 1.934018731891359 0.2799757307970219
583 1.9791295882619204 10.208000000001 1.9336951862776957 0.27998373813554456
584 1.9821295882619203 10.206000000001 1.9333708172740713 0.2799916293686503
585 1.9851295882619204 10.205000000001 1.9333155635508994 0.28001106342592663
586 1.9881295882619203 10.203000000001001 1.9329894602114164 0.2800187110944772
587 1.9911295882619204 10.201000000001 1.9326625484915578 0.280026244634429
588 1.9941295882619203 10.199000000001 1.9323348332713841 0.28003366468585866
589 1.9971295882619204 10.197000000001001 1.9320063194000834 0.2800409718848701
590 2.0001295882619203 10.195000000001 1.9316770116961404 0.28004816686361483
591 2.0031295882619204 10.193000000001 1.9313469149476095 0.28005525025032835
592 2.0061295882619206 10.191000000001 1.931016033912304 0.280062222669353
593 2.0091295882619202 10.189000000001 1.930684373317999 0.2800690847411641
594 2.0121295882619203 10.187000000001001 1.9303519378627159 0.2800758370824073
595 2.0151295882619205 10.185000000001 1.93001873221485 0.28008248030591315
596 2.0181295882619206 10.183000000001 1.9296847610134669 0.28008901502073663
597 2.0211295882619202 10.182000000001 1.9296187473536055 0.28010694061003477
598 2.0241295882619204 10.180000000001 1.929283158529368 0.2801132471929833
599 2.0271295882619205 10.178000000001001 1.9289468180698293 0.28011944710283004
600 2.0301295882619206 10.176000000001 1.9286097304982412 0.2801255409336688
